0 0 0 0 0 0 0 0 0 0 0 0 0 0 0 0 0 0 0 0 0 0 0 0 0 0 0 0 0 0 0 0 0 0 0 0 0 0 0 0 0 0 1 1 1 1 1 1 1 
0 0 0 0 0 0 0 0 0 0 0 0 0 0 0 0 1 1 1 1 1 1 1 1 1 1 1 1 1 1 1 1 1 1 1 1 1 1 1 1 1 1 1 1 1 1 1 1 1 
0 0 0 0 0 0 0 0 0 0 0 0 0 0 0 0 0 0 0 0 0 0 0 0 0 0 0 0 0 0 0 0 0 0 0 0 0 0 1 1 1 1 1 1 1 1 1 1 1 
0 0 0 0 0 0 0 0 0 0 0 0 0 0 0 0 0 0 0 0 0 0 0 0 0 0 0 0 1 1 1 1 1 1 1 1 1 1 1 1 1 1 1 1 1 1 2 2 2 
0 0 0 0 0 0 0 0 0 0 0 0 0 0 0 0 0 0 0 0 0 0 0 0 0 0 0 0 0 0 0 0 0 0 0 0 0 0 1 1 1 1 1 1 1 1 1 1 1 
0 0 0 0 0 0 0 0 0 0 0 0 0 0 0 0 0 0 0 0 0 0 0 0 0 0 0 0 0 0 0 0 0 0 0 0 0 0 0 0 0 0 0 1 1 1 1 1 1 
0 0 0 0 0 0 0 0 0 0 0 0 0 0 0 0 0 0 0 0 1 1 1 1 1 1 1 1 1 1 1 1 1 1 1 1 1 1 1 1 1 1 1 1 1 1 1 1 1 
0 0 0 0 0 0 0 0 0 0 0 0 0 0 0 0 0 0 0 0 0 0 0 0 0 0 0 0 0 1 1 1 1 1 1 1 1 1 1 1 1 1 1 1 1 1 1 1 1 
0 0 0 0 0 0 0 0 0 0 0 0 0 0 0 0 0 0 0 0 0 0 0 0 0 0 0 0 0 0 0 0 0 0 0 0 0 0 0 0 0 0 0 0 0 1 1 1 1 
109 119 134 137 137 138 138 138 138 138 138 138 138 138 139 139 139 139 139 139 139 139 139 139 140 140 140 140 140 140 140 140 140 140 140 140 140 140 140 141 141 141 141 141 141 141 141 142 142 
185 245 246 250 250 250 250 250 250 250 250 251 251 251 251 251 251 251 251 251 251 251 252 252 252 252 252 252 252 252 252 252 252 252 252 252 253 253 253 253 253 253 253 253 253 253 253 254 254 
337 341 342 342 342 342 342 342 342 342 342 342 342 342 342 343 343 343 343 343 343 343 343 343 343 343 343 343 343 343 344 344 344 344 344 344 344 344 344 344 344 345 345 345 345 345 345 345 387 
413 415 417 419 420 420 420 420 420 420 420 420 420 420 420 420 421 421 421 421 421 421 421 421 421 421 421 421 421 421 421 421 422 422 422 422 422 422 422 422 422 422 422 422 422 423 423 423 442 
506 508 519 521 522 522 523 523 523 523 523 523 523 523 523 523 523 523 523 523 523 523 523 523 523 523 524 524 524 524 524 524 524 524 525 525 525 525 525 525 525 525 525 525 525 525 525 525 530 
570 572 573 574 574 575 575 575 575 575 575 575 575 575 575 575 575 575 575 575 575 575 575 575 575 575 575 575 575 575 575 575 575 575 575 575 575 575 575 575 575 575 575 575 575 575 575 575 583 
602 611 615 615 616 616 616 616 616 616 616 616 616 617 617 617 617 617 617 617 617 617 617 617 617 617 617 618 618 618 618 618 618 618 618 618 618 618 618 618 619 619 619 619 619 619 619 620 620 
630 647 647 647 647 647 647 647 647 647 647 647 647 647 648 648 648 648 648 648 648 648 648 649 649 649 649 649 649 649 649 649 649 649 649 649 649 649 650 650 650 650 650 651 654 654 655 659 663 
660 666 676 677 677 678 678 678 678 678 678 679 679 679 679 679 679 679 679 679 679 679 679 679 679 680 680 680 680 680 680 680 680 680 680 680 680 680 681 681 681 681 681 682 682 682 682 682 715 
688 700 713 713 714 714 714 715 715 715 715 715 715 715 715 716 716 716 716 716 716 716 716 716 716 716 716 716 716 716 716 716 716 716 717 717 717 717 717 717 717 717 717 718 718 719 719 721 722 
689 736 736 736 736 736 736 737 737 737 737 737 737 737 737 737 737 737 738 738 738 738 738 738 738 738 738 739 739 739 739 739 739 739 739 739 739 739 739 739 740 740 740 741 741 742 743 745 767 
738 750 752 754 755 755 755 755 755 755 755 755 755 755 756 756 756 756 756 756 756 756 756 756 756 756 756 756 756 756 757 757 757 757 757 757 757 757 757 757 757 757 757 758 758 758 759 759 795 
717 751 770 770 770 771 771 771 771 771 771 771 771 771 771 771 771 771 771 771 771 771 771 772 772 772 772 772 772 772 772 772 772 772 773 773 773 773 773 773 773 773 774 774 774 774 776 778 782 
707 773 783 783 783 783 783 784 784 784 784 784 784 785 785 785 785 785 785 785 785 785 785 785 785 786 786 786 786 786 786 786 786 786 786 786 786 787 787 787 787 787 787 787 787 787 787 788 790 
778 780 796 797 797 798 798 798 798 799 799 799 799 799 800 800 800 800 800 800 801 801 801 801 801 801 801 801 801 801 801 801 801 802 802 802 802 802 802 802 802 802 802 802 803 803 803 804 809 
801 808 808 808 808 808 808 809 809 809 809 809 809 809 809 810 810 810 810 810 810 810 810 810 810 811 811 811 811 811 811 811 811 811 811 811 812 812 812 812 812 813 813 813 815 816 819 822 863 
814 815 815 816 816 816 816 817 817 817 817 817 817 817 817 817 817 817 818 818 818 818 818 818 818 818 818 818 819 819 819 819 819 819 819 819 820 820 820 820 821 821 822 823 824 839 844 845 879 
751 809 813 816 820 823 823 823 824 824 824 824 824 824 824 825 825 825 825 825 825 825 825 825 825 825 825 825 825 825 826 826 826 826 826 826 827 827 827 827 827 827 827 827 827 827 828 829 831 
808 820 826 828 828 829 829 829 829 830 830 830 830 830 830 830 830 831 831 831 831 831 831 831 831 831 831 831 831 831 831 831 831 831 832 832 832 832 832 832 832 832 832 832 833 833 835 836 858 
809 813 825 832 835 835 836 836 836 836 836 836 836 836 836 836 836 837 837 837 837 837 838 838 838 838 838 838 838 838 839 839 839 839 839 840 840 840 840 840 840 841 841 841 841 841 842 844 845 
813 837 838 839 840 840 840 841 841 841 841 841 841 841 841 841 842 842 842 842 842 842 842 842 843 843 843 843 843 843 843 844 844 844 844 844 844 844 844 844 844 845 845 845 845 845 845 846 846 
768 822 840 843 843 844 844 844 844 844 845 845 845 845 845 846 846 846 846 846 846 846 846 846 846 846 846 846 847 847 847 847 847 847 847 847 847 847 847 847 847 848 848 848 849 849 849 851 852 
768 840 841 844 845 845 846 846 846 846 846 846 846 847 847 847 847 847 847 847 847 847 848 848 848 848 848 848 848 848 848 848 849 849 849 849 849 849 849 849 849 849 849 850 850 850 850 851 856 
776 818 833 838 848 848 849 849 849 849 849 850 850 850 850 850 850 850 850 850 850 851 851 851 851 851 851 851 851 851 851 851 851 851 851 851 851 851 852 852 852 852 852 853 853 853 855 862 875 
778 838 848 851 852 852 852 852 853 853 853 853 853 853 853 854 854 854 854 854 854 854 854 854 854 855 855 855 855 855 855 855 855 855 855 855 856 856 856 856 856 856 856 856 856 857 857 860 863 
786 817 853 853 853 853 853 854 854 854 854 854 854 855 855 855 855 855 855 855 856 856 856 856 856 856 856 856 857 857 857 857 857 857 857 857 857 857 858 858 858 858 859 859 859 859 860 862 866 
780 800 844 847 855 855 855 855 856 856 856 856 856 856 857 857 857 857 857 857 857 857 857 857 858 858 858 858 858 858 858 858 859 859 859 859 859 859 859 859 860 860 860 860 861 862 862 863 867 
832 853 857 857 857 857 857 857 857 858 858 858 858 858 858 858 858 858 859 859 859 859 859 859 859 859 859 859 859 859 859 860 860 860 860 860 860 861 861 861 862 862 862 862 862 862 862 862 864 
829 844 852 856 857 857 857 858 858 858 858 858 859 859 859 859 859 859 859 859 859 859 859 859 859 860 860 860 860 860 860 860 861 861 861 861 861 861 861 862 862 862 862 863 863 864 902 911 927 
776 788 858 858 858 858 858 858 858 858 858 859 859 859 859 859 859 859 860 860 860 860 860 860 860 860 860 860 860 861 861 861 861 861 861 862 862 862 862 862 862 862 862 862 862 865 867 867 871 
781 789 856 859 859 859 859 860 860 860 860 860 860 861 861 861 861 861 861 862 862 862 862 862 862 862 862 862 863 863 863 863 863 863 863 863 863 863 863 863 864 864 864 865 865 865 866 866 868 
856 858 861 861 861 861 861 862 862 862 862 862 862 862 863 863 863 863 863 863 863 864 864 864 864 864 864 864 864 864 864 864 865 865 865 865 865 865 866 866 866 866 866 867 867 869 874 875 880 
808 850 856 861 862 862 862 863 863 863 863 863 863 863 863 863 864 864 864 864 864 864 864 864 865 865 865 865 865 865 865 865 865 865 866 866 866 866 866 866 866 866 867 867 868 869 870 871 883 
840 841 850 858 860 862 862 862 862 862 863 863 863 864 864 864 864 864 864 865 865 865 865 865 865 865 865 865 865 865 865 866 866 866 866 866 866 866 866 866 867 867 867 867 868 869 870 879 923 
792 840 856 862 862 863 863 863 863 863 864 864 864 864 864 864 865 865 865 865 865 865 865 865 865 865 865 865 866 866 866 866 866 866 866 866 866 866 867 867 867 867 867 867 867 868 872 876 880 
793 803 834 846 850 853 863 863 863 863 863 863 863 864 864 864 864 864 864 864 864 864 864 864 865 865 865 865 865 865 865 865 866 866 866 866 866 866 866 866 866 866 866 867 867 867 868 869 879 
843 856 862 862 863 863 863 863 863 863 864 864 864 864 864 864 865 865 865 865 865 865 865 865 865 866 866 866 866 866 866 866 867 867 867 867 867 867 867 868 868 868 869 869 870 871 871 873 878 
839 850 863 863 863 863 864 864 864 864 864 864 864 864 865 865 865 865 865 865 865 865 865 865 865 866 866 866 866 866 866 866 866 867 867 867 867 867 867 867 867 868 868 868 868 868 870 873 875 
790 853 860 864 864 864 865 865 866 866 866 866 866 866 866 867 867 867 867 867 867 867 867 867 868 868 868 868 868 868 868 869 869 869 869 869 869 869 869 869 869 869 870 871 871 873 873 880 880 
854 860 862 863 863 864 865 865 865 865 865 865 866 866 866 866 866 866 866 866 866 867 867 867 867 867 867 867 868 868 868 868 868 868 868 868 868 868 869 869 869 869 869 869 869 869 870 870 870 
785 838 856 863 863 864 864 864 864 864 864 864 864 865 865 865 865 865 865 865 865 865 866 866 866 866 866 866 866 866 866 866 866 866 866 866 866 867 867 867 867 867 867 868 868 870 873 876 886 
860 860 862 863 863 863 864 864 864 864 864 864 864 864 864 865 865 865 865 865 865 865 865 865 865 866 866 866 866 866 866 866 866 866 866 866 866 866 867 867 867 867 868 868 868 876 876 877 878 
863 863 863 864 864 865 865 865 865 865 865 866 866 866 866 866 866 866 866 866 866 866 867 867 867 867 867 867 867 867 867 867 867 867 867 867 868 868 868 868 868 868 868 868 868 870 874 876 878 
796 825 838 854 864 865 865 865 865 865 866 866 866 867 867 867 867 867 867 867 867 868 868 868 868 868 868 868 868 868 868 868 869 869 869 869 869 869 869 869 869 869 870 870 870 870 870 870 871 
812 841 859 860 864 865 865 865 865 865 866 866 866 866 867 867 867 867 867 868 868 868 868 868 868 868 868 869 869 869 869 869 869 869 870 870 870 870 870 870 870 870 871 871 871 872 872 872 872 
861 864 864 864 865 865 865 865 866 866 866 866 866 866 866 866 867 867 867 867 867 868 868 868 868 868 868 868 868 868 868 868 868 869 869 869 869 869 869 869 870 870 870 870 870 874 876 877 881 
858 863 865 865 865 866 866 866 866 866 866 866 866 866 866 867 867 867 867 867 867 867 867 867 867 867 867 867 868 868 868 868 868 868 868 869 869 869 869 869 870 870 870 870 871 871 872 873 879 
844 860 865 866 866 866 866 867 867 867 867 867 867 868 868 868 868 868 868 868 868 868 869 869 869 869 869 869 869 869 869 869 870 870 870 870 870 870 870 871 871 871 871 871 871 871 877 885 889 
864 864 865 865 866 866 866 866 866 866 867 867 868 868 868 868 868 868 868 868 868 868 869 869 869 869 869 869 869 869 870 870 870 870 870 870 870 870 870 870 871 871 871 872 873 882 894 901 901 
845 851 860 865 865 866 866 866 866 866 866 866 867 867 867 867 867 867 867 868 868 868 868 868 868 868 868 868 869 869 869 869 869 869 869 869 870 870 870 870 870 871 871 871 871 872 873 881 925 
808 864 866 866 866 867 867 867 867 867 867 867 867 868 868 868 868 868 868 868 868 869 869 869 869 869 870 870 870 870 870 870 870 870 870 870 870 871 871 871 871 871 871 871 871 872 874 875 883 
793 855 864 865 866 867 867 867 867 867 867 868 868 868 868 868 868 868 868 868 868 868 869 869 869 869 869 869 869 869 869 869 869 869 870 870 870 870 870 870 870 870 871 871 871 871 872 872 880 
845 853 858 864 864 865 865 865 865 865 865 866 866 866 866 866 867 867 867 867 867 867 867 867 867 867 867 868 868 868 868 868 868 868 868 869 869 869 869 869 869 869 870 870 870 871 871 871 878 
783 818 864 864 865 865 865 865 866 866 866 866 866 866 866 866 866 867 867 867 867 867 867 868 868 868 868 869 869 869 869 869 869 869 869 869 869 869 869 870 870 870 871 872 872 873 877 880 895 
864 864 864 865 865 866 866 866 866 866 866 867 867 867 867 867 867 867 867 867 868 868 868 868 868 868 868 868 868 868 868 869 869 869 869 869 869 869 869 869 870 870 870 870 873 876 878 880 884 
851 856 863 864 865 865 866 866 866 866 866 866 866 866 866 866 866 866 867 867 867 867 867 867 867 868 868 868 868 868 868 868 868 869 869 869 869 869 869 869 869 869 870 870 870 870 871 873 875 
812 848 857 864 864 865 866 866 866 866 867 867 867 867 867 867 868 868 868 868 868 868 868 868 868 868 869 869 869 869 869 869 869 870 870 870 870 870 870 870 870 870 871 871 871 871 873 877 879 
859 865 865 866 866 866 866 866 867 867 867 867 867 867 868 868 868 868 868 868 868 868 868 868 868 869 869 869 869 869 869 869 869 870 870 870 870 870 870 870 870 871 871 872 874 874 875 875 895 
804 864 864 865 865 865 866 866 866 867 867 867 867 867 867 867 867 867 867 867 868 868 868 868 868 868 868 868 868 868 868 869 869 869 869 869 869 869 870 870 870 870 870 870 872 872 874 879 880 
797 833 862 865 865 865 865 866 866 867 867 868 868 868 868 868 868 868 868 868 868 868 869 869 869 869 869 869 869 869 869 870 870 870 870 870 870 870 870 870 870 870 870 870 871 871 872 875 895 
789 848 856 865 865 865 866 867 867 867 867 867 867 867 867 867 868 868 868 868 868 868 868 868 868 868 869 869 869 869 869 869 869 869 869 869 869 869 870 870 870 870 870 870 870 871 871 872 876 
852 860 866 867 867 867 867 867 867 868 868 868 868 868 868 868 868 868 868 868 868 869 869 869 869 869 869 869 869 870 870 870 870 870 870 870 870 870 870 870 871 871 871 871 871 877 877 879 884 
808 852 857 864 865 866 866 866 866 866 866 866 866 866 867 867 867 867 867 867 867 867 867 868 868 868 868 868 868 868 868 869 869 869 869 869 869 869 869 869 869 869 869 869 870 870 870 871 872 
801 853 865 865 866 866 866 866 866 866 867 867 867 867 867 867 867 868 868 868 868 868 868 868 868 868 869 869 869 869 869 869 870 870 870 870 870 870 871 871 871 871 871 872 873 873 874 879 880 
788 820 848 854 866 866 866 866 866 867 867 867 867 867 868 868 868 868 868 868 868 868 868 869 869 869 869 869 869 869 869 869 870 870 870 870 870 870 870 870 870 870 870 871 871 871 873 881 893 
786 846 860 865 865 866 866 866 866 866 866 867 867 867 867 867 867 867 868 868 868 868 868 868 868 868 869 869 869 869 869 869 869 869 869 870 870 870 870 870 870 870 870 871 871 871 877 878 881 
801 852 864 865 866 866 866 867 867 868 868 868 868 868 868 869 869 869 869 869 869 869 869 869 870 870 870 870 870 870 870 870 870 870 871 871 871 871 871 872 872 872 872 873 874 876 881 887 909 
864 865 865 865 866 866 866 866 866 866 866 867 867 867 867 867 867 867 868 868 868 868 868 868 868 869 869 869 869 869 869 869 869 869 869 869 869 870 870 870 870 870 870 870 871 871 874 876 877 
861 865 866 867 867 868 868 868 868 868 868 869 869 869 869 869 869 869 870 870 870 870 870 870 870 870 870 870 870 871 871 871 871 871 871 871 872 872 872 872 872 872 873 873 874 876 881 887 894 
849 854 860 862 865 865 865 865 865 865 865 866 866 866 866 866 866 867 867 867 867 867 868 868 868 868 868 868 868 868 868 868 869 869 869 870 870 870 870 870 870 871 871 871 871 872 873 884 890 
857 860 864 864 865 865 866 866 866 866 866 867 867 867 867 867 867 867 867 867 868 868 868 868 868 868 868 868 868 868 868 868 869 869 869 869 869 869 869 869 869 869 870 871 871 871 871 880 885 
856 863 865 866 866 866 866 866 867 867 867 867 867 867 868 868 868 868 868 868 868 868 868 869 869 869 869 869 870 870 870 870 870 870 870 870 870 870 870 870 870 871 871 871 871 879 881 882 885 
851 863 865 865 865 866 866 866 866 866 866 867 867 867 867 867 868 868 868 868 868 868 868 868 868 868 868 868 868 869 869 869 869 869 870 870 870 870 870 870 870 870 871 871 871 874 875 883 883 
806 856 858 865 867 867 867 867 867 867 867 868 868 868 868 868 869 869 869 869 869 869 869 869 869 869 869 869 869 869 870 870 870 870 870 870 870 871 871 871 871 871 871 871 872 872 873 877 881 
783 788 861 861 864 864 864 865 865 865 865 866 866 866 866 866 866 866 866 866 866 867 867 867 867 867 867 867 867 867 868 868 868 868 868 869 869 869 869 869 869 870 870 870 870 871 871 875 877 
842 852 857 860 864 864 864 864 865 865 865 865 865 865 865 865 866 866 866 866 866 866 866 867 867 867 867 867 867 867 867 867 868 868 868 868 868 868 869 869 869 869 870 870 870 872 872 874 882 
860 865 865 865 866 866 866 866 866 867 867 867 868 868 868 868 868 868 868 868 868 869 869 869 869 869 869 869 869 869 869 870 870 870 870 870 870 870 870 871 871 871 871 871 871 871 872 873 886 
800 857 858 860 864 865 866 866 867 867 867 867 867 867 868 868 868 868 869 869 869 869 869 869 869 869 870 870 870 870 870 870 870 870 870 870 870 870 870 870 870 870 871 871 871 872 872 878 879 
827 861 864 864 866 866 866 867 867 867 867 868 868 868 868 868 868 868 869 869 869 869 869 869 869 869 870 870 870 870 870 870 871 871 871 871 871 871 871 872 872 872 872 872 872 875 876 880 885 
848 855 866 866 867 867 868 868 868 868 868 868 868 868 868 869 869 869 869 869 869 869 869 869 870 870 870 870 870 871 871 871 871 872 872 872 872 872 872 873 873 873 873 873 873 874 877 881 887 
855 866 866 867 867 867 867 867 867 867 868 868 868 868 868 869 869 869 869 869 869 870 870 870 870 870 870 870 870 870 871 871 871 871 871 871 871 871 871 871 871 872 872 872 874 875 877 880 886 
839 848 856 863 865 865 865 865 866 866 866 867 867 867 867 867 867 867 867 867 867 867 868 868 868 868 868 868 868 868 868 868 868 868 869 869 869 869 869 869 869 869 870 870 870 870 870 872 883 
854 856 865 866 866 866 866 866 867 867 867 867 867 867 867 868 868 868 869 869 869 869 869 869 869 869 869 869 869 870 870 870 870 870 870 870 870 871 871 871 871 871 871 871 871 872 872 873 877 
785 785 785 785 785 785 786 786 786 786 787 787 787 787 787 787 788 788 788 788 788 788 788 788 788 788 788 788 788 788 788 788 788 789 789 790 790 790 790 790 790 790 790 790 790 790 790 790 791 
321 321 321 321 321 321 321 321 321 321 321 321 322 322 322 322 322 322 322 322 322 322 322 322 322 322 322 322 322 322 322 322 322 322 322 322 322 322 322 322 322 322 322 322 322 322 322 323 323 
174 174 174 175 175 175 175 175 175 175 175 175 175 175 175 175 175 175 175 175 175 175 175 175 175 175 175 175 175 175 175 176 176 176 176 176 176 176 176 176 176 176 176 176 176 176 177 177 177 
95 95 95 95 95 95 95 95 95 95 95 95 95 95 95 95 95 95 95 95 95 95 95 95 95 95 95 95 96 96 96 96 96 97 97 97 97 97 97 97 97 97 98 98 98 98 98 98 98 
52 52 52 52 52 53 53 53 53 53 53 53 53 53 53 53 54 54 54 54 54 54 54 54 55 55 55 55 55 55 55 55 55 55 55 55 55 56 56 56 56 56 56 56 56 56 56 56 56 
30 30 30 30 30 30 30 30 30 30 31 31 31 31 32 32 32 32 32 32 32 32 32 32 32 32 32 32 32 32 32 32 32 32 32 32 32 33 33 33 33 33 33 33 33 33 33 33 33 
13 13 13 13 14 14 14 14 14 14 14 14 14 14 14 14 14 14 14 14 14 14 14 14 14 15 15 15 15 15 15 15 16 16 16 16 16 16 16 16 16 16 16 16 16 16 17 17 17 
7 7 8 8 8 8 8 8 8 8 8 8 8 8 8 8 8 9 9 9 9 9 9 9 9 9 9 9 9 9 9 9 10 10 10 10 10 10 11 11 11 11 11 11 11 11 11 11 11 
5 5 5 6 6 6 6 6 6 6 6 6 6 6 6 6 7 7 7 7 7 7 7 7 7 7 7 7 7 7 7 7 7 7 7 8 8 8 8 8 8 8 8 8 8 8 8 8 8 
