1 1 0 0 0 0 0 0 0 0 0 0 0 0 0 0 0 0 0 0 1 1 1 1 1 0 0 0 0 0 0 0 0 0 0 0 0 0 0 0 0 0 0 0 0 0 1 1 1 
0 0 0 1 0 1 1 0 0 0 0 0 0 0 0 0 0 0 0 0 0 0 0 0 0 1 1 1 1 1 1 0 0 0 0 0 0 0 0 0 0 0 0 0 0 0 0 0 0 
0 0 0 0 0 0 0 0 0 0 1 1 1 1 1 1 0 0 0 0 0 0 0 0 0 0 0 0 0 0 0 0 0 0 1 0 1 1 0 0 0 0 0 0 0 0 0 0 0 
0 0 0 0 0 0 0 0 0 0 0 0 0 0 0 1 1 1 1 1 0 0 0 0 0 0 0 0 0 0 0 0 0 0 0 0 0 0 0 0 1 1 1 1 0 0 0 0 0 
1 1 1 1 1 1 1 1 1 1 0 1 1 1 1 1 1 1 1 1 1 1 1 2 0 0 0 0 0 0 0 0 0 0 0 0 0 0 1 1 1 1 1 1 1 1 1 0 0 
0 0 0 0 0 0 0 0 0 0 0 0 0 0 0 0 0 0 1 1 1 0 1 1 1 1 1 1 1 1 1 1 1 1 1 1 1 1 1 1 1 1 1 1 1 1 0 0 0 
0 0 0 0 0 0 0 0 1 1 0 1 1 1 0 0 0 0 0 0 0 0 0 0 0 0 0 0 0 0 1 0 1 1 1 1 1 0 0 0 0 0 0 0 0 0 0 0 0 
114 114 113 113 113 113 113 115 115 116 114 115 114 112 113 113 112 185 115 114 114 114 113 114 114 113 113 112 114 114 118 118 116 114 116 115 115 111 112 112 110 111 113 112 113 113 112 112 112 
230 230 228 232 232 230 230 230 230 230 229 229 230 229 229 228 289 232 231 232 231 231 232 230 230 229 230 230 243 233 230 231 231 230 230 230 230 230 229 230 231 230 186 232 233 231 232 233 231 
322 333 326 325 326 326 325 324 325 325 324 323 323 325 325 325 325 324 324 324 323 323 378 326 326 325 326 326 324 326 325 324 325 325 329 327 326 326 325 326 325 324 325 325 323 327 326 326 326 
433 433 433 434 436 435 436 435 435 434 434 434 434 434 436 436 435 434 434 434 434 434 424 434 435 435 435 435 435 434 433 440 436 436 435 435 435 434 433 433 448 435 435 434 435 435 435 434 435 
511 511 475 512 512 512 512 511 508 511 510 504 512 512 512 512 511 510 511 510 527 511 512 512 511 510 511 503 512 512 512 512 511 510 511 511 450 512 512 512 510 511 512 512 510 515 512 512 511 
589 565 563 565 564 563 563 563 485 563 565 563 563 562 562 563 559 559 565 563 563 563 563 527 565 564 565 565 563 563 563 562 563 565 565 565 563 565 565 563 587 565 565 565 563 563 563 563 565 
607 607 607 591 607 607 607 607 607 617 607 610 607 607 607 607 607 604 607 610 607 607 607 607 607 611 607 607 607 607 607 607 607 639 607 607 607 607 607 619 611 607 610 607 607 607 607 555 607 
638 642 639 639 639 639 639 637 634 639 639 639 639 639 638 639 639 639 639 639 639 639 639 647 639 639 639 639 639 639 639 639 639 639 639 639 639 639 646 639 639 639 639 639 639 639 643 642 639 
684 682 682 682 680 674 684 683 682 684 683 682 678 685 684 682 683 682 688 685 683 683 683 681 681 698 684 682 683 682 681 682 678 684 685 684 683 683 683 658 685 685 683 684 684 691 684 684 683 
710 709 741 711 710 708 709 708 707 716 711 710 708 709 708 707 693 712 711 710 710 710 710 711 712 710 710 710 683 711 710 710 708 708 708 703 710 709 709 710 710 709 720 712 711 710 710 711 710 
731 732 732 729 735 732 734 734 732 730 765 731 732 732 731 730 730 728 734 733 732 731 748 733 733 733 731 730 731 736 734 733 731 731 731 724 733 731 731 732 731 730 743 735 733 732 732 733 732 
751 752 752 752 752 752 750 692 752 752 751 749 749 749 739 750 751 751 751 751 748 751 753 752 751 750 750 755 753 752 751 750 762 752 752 750 749 749 749 757 752 751 749 750 750 749 756 749 750 
768 767 767 767 768 764 769 768 767 767 767 763 769 767 766 766 766 766 759 767 766 765 766 767 819 769 768 768 768 768 768 764 769 768 768 768 768 756 768 766 767 767 766 765 775 766 766 766 766 
786 786 786 789 787 786 784 784 784 796 787 786 785 785 784 785 781 787 787 785 789 787 788 788 787 786 785 794 785 785 784 784 784 765 787 784 784 784 785 785 782 787 786 785 785 785 795 788 786 
796 802 798 798 798 798 798 802 799 798 797 793 779 797 797 796 796 794 796 797 798 799 799 799 868 803 800 799 799 799 799 782 801 799 799 799 799 725 799 797 797 796 810 799 797 798 798 799 831 
807 807 799 808 809 807 807 821 809 809 808 806 805 818 807 806 805 804 805 777 808 808 808 807 807 807 810 808 807 806 807 807 838 809 806 804 805 805 806 804 805 804 804 844 807 806 806 806 806 
818 817 816 826 819 818 817 816 815 793 815 815 815 814 815 828 814 816 816 816 816 808 821 816 815 815 815 815 818 816 816 814 827 817 815 814 814 814 813 818 816 815 814 814 814 830 815 815 815 
834 825 824 824 824 824 828 825 824 825 824 824 842 827 826 823 822 807 824 823 822 821 820 819 822 824 824 824 823 823 847 825 824 824 823 822 833 824 824 824 822 821 839 824 822 821 820 820 826 
832 833 832 831 831 762 833 832 831 831 831 838 836 834 833 831 830 837 831 830 830 829 829 845 836 833 832 833 832 859 834 833 833 832 831 824 835 834 834 834 832 755 832 831 830 829 798 831 831 
835 835 833 863 835 832 836 835 834 846 838 838 838 837 837 840 838 838 837 836 856 836 836 836 835 834 850 837 836 836 836 836 850 839 838 838 837 836 766 839 838 837 836 835 846 836 836 835 834 
869 839 838 838 838 837 838 839 840 840 836 842 841 840 839 838 838 838 841 841 840 840 839 824 840 838 837 837 837 831 840 839 838 838 837 851 837 837 836 839 833 839 838 838 837 837 842 837 836 
845 843 841 841 840 842 841 844 844 843 844 843 840 846 846 845 845 844 840 846 845 845 847 844 842 841 840 840 843 844 842 844 843 843 895 846 846 845 845 845 847 846 846 846 846 845 844 839 845 
848 847 820 849 848 847 846 846 838 848 848 848 847 847 856 848 846 846 845 844 843 847 846 845 845 845 824 847 846 846 845 845 863 847 848 847 847 846 811 847 845 845 844 843 847 847 845 845 845 
857 850 849 850 851 850 857 852 852 851 851 850 859 852 852 851 850 850 848 850 849 847 853 851 850 849 852 850 857 851 850 850 849 849 837 851 851 851 851 850 907 853 850 850 848 847 844 848 848 
852 852 851 850 866 854 854 853 853 853 846 855 855 854 854 854 876 854 853 851 864 854 852 852 852 850 887 861 853 852 851 851 858 855 853 852 852 851 919 853 853 852 852 850 855 849 851 850 850 
857 858 856 856 854 856 856 855 855 855 841 857 857 855 854 853 889 855 854 853 853 853 848 856 856 855 854 854 885 854 854 854 864 856 857 856 855 854 907 856 854 853 853 852 828 855 854 854 854 
857 861 859 859 858 857 856 871 858 857 857 856 855 846 857 858 857 857 857 873 857 857 857 879 859 859 858 857 857 852 855 856 855 855 854 901 856 856 855 854 854 846 857 854 853 852 852 909 854 
855 864 857 857 857 856 855 856 857 856 855 855 854 854 857 856 855 855 854 847 856 856 856 855 866 851 861 860 859 859 859 852 861 860 859 857 857 855 861 860 858 857 857 855 859 858 857 857 857 
862 861 860 860 859 853 863 862 862 861 861 848 860 859 858 857 857 844 859 859 859 859 865 861 860 859 858 858 858 860 859 858 858 857 859 860 858 858 857 859 851 858 858 858 857 852 865 861 860 
853 863 863 861 860 860 853 861 860 860 859 859 868 863 862 862 861 861 867 862 861 860 861 861 864 863 861 861 846 863 862 860 859 858 863 860 861 860 861 861 866 862 862 862 862 862 852 862 862 
860 871 864 863 862 861 855 860 860 859 860 859 871 862 860 860 859 858 853 863 861 861 860 859 878 860 860 859 858 857 862 860 859 859 858 862 860 860 859 859 883 863 863 863 863 862 862 864 864 
860 870 861 862 863 863 863 800 865 865 864 863 863 877 865 863 863 863 863 862 862 862 860 860 864 862 862 862 863 862 863 865 864 864 863 862 858 864 864 864 863 863 869 863 862 860 860 859 865 
864 864 863 863 854 866 865 862 862 859 861 860 860 859 911 862 863 862 862 862 853 865 864 864 863 863 933 864 864 862 862 860 851 861 862 861 860 860 927 865 863 863 863 855 866 865 864 864 863 
867 866 856 867 866 865 865 865 879 864 866 864 863 862 847 864 864 863 862 864 863 867 867 866 866 866 867 865 865 865 871 870 866 864 863 863 852 862 862 862 861 861 859 864 864 864 864 863 861 
864 919 867 866 866 865 864 876 864 865 863 862 862 907 865 864 865 865 864 852 867 867 866 866 853 866 865 865 864 864 869 865 864 863 863 862 864 865 864 863 864 864 865 866 866 866 865 865 867 
864 868 867 867 866 864 874 867 866 864 862 863 873 866 865 865 864 864 895 865 863 862 863 863 866 866 864 863 864 863 895 863 863 862 860 864 863 862 862 862 823 865 866 866 865 864 871 865 865 
863 863 862 862 861 867 862 861 866 864 864 868 866 866 866 865 865 863 866 865 864 856 867 865 864 864 862 853 864 864 864 863 865 872 867 867 866 866 866 871 869 868 867 867 866 887 867 867 865 
867 867 866 865 899 865 865 865 865 866 877 867 866 867 867 866 883 869 867 867 865 865 862 868 868 866 864 856 864 865 865 864 863 859 863 865 865 865 865 907 868 866 865 865 865 872 868 867 867 
864 864 781 864 874 866 865 865 875 868 868 867 866 866 867 867 867 866 833 871 867 866 864 863 931 867 866 865 866 865 869 870 868 868 867 867 895 869 868 866 866 866 872 866 865 865 865 853 867 
865 864 863 850 865 864 866 866 866 865 867 867 867 866 865 867 867 866 866 808 865 865 863 864 864 877 865 865 864 863 862 827 864 863 864 863 863 861 866 864 863 862 862 860 863 863 863 838 869 
869 867 866 863 869 868 868 933 868 869 867 866 865 838 867 866 864 864 864 927 869 868 868 867 867 853 870 867 866 867 867 923 869 869 864 864 865 865 865 864 864 864 900 871 865 865 866 865 848 
869 871 871 870 870 869 871 869 868 865 879 868 867 867 866 864 796 866 867 867 866 866 879 867 868 867 865 865 858 868 868 867 866 865 891 866 865 865 864 867 865 865 866 865 865 870 866 867 866 
867 867 867 864 869 868 867 868 867 858 871 870 869 868 867 875 868 867 866 865 864 856 866 866 871 868 867 884 868 868 868 868 867 860 870 868 867 867 867 899 867 867 865 864 864 867 866 865 865 
866 866 866 883 870 868 867 868 867 798 870 868 867 868 867 874 869 868 867 866 865 850 867 866 865 847 864 866 865 864 864 927 865 865 865 864 864 849 863 864 864 864 864 843 865 865 864 863 863 
867 868 868 866 869 868 868 867 927 869 867 867 866 866 852 868 867 866 865 866 867 867 866 865 864 861 867 867 867 866 866 871 866 866 866 876 872 873 869 869 869 869 943 870 869 869 869 869 870 
864 872 868 867 867 866 857 871 870 870 868 868 870 871 871 871 870 869 871 871 871 870 927 871 870 869 867 866 858 868 868 867 866 866 869 871 868 868 868 868 880 871 869 869 868 866 808 868 868 
855 870 868 868 867 867 861 871 871 870 868 868 868 871 870 869 868 866 862 869 869 868 868 867 891 868 867 867 860 871 872 871 870 870 879 870 870 869 869 869 868 871 869 867 866 865 800 868 868 
868 867 866 800 868 867 866 865 866 866 865 866 865 865 871 867 867 866 867 869 875 872 871 870 868 854 869 870 870 870 865 884 870 869 868 866 895 868 872 869 869 868 877 871 870 870 870 869 884 
870 868 866 870 869 868 867 866 865 853 868 867 867 867 868 860 871 870 868 868 868 856 870 869 867 829 871 867 867 866 866 927 867 866 865 865 867 882 868 868 866 866 866 879 869 868 868 868 867 
867 866 866 866 866 868 870 867 868 868 870 868 869 868 861 869 868 868 868 868 878 868 868 866 866 865 863 867 866 866 865 864 885 866 865 865 864 864 863 865 865 864 785 866 865 864 863 863 854 
866 866 866 866 860 869 868 868 866 865 853 866 866 866 866 865 876 867 866 865 941 867 867 866 866 864 884 867 870 870 869 869 893 871 870 868 868 868 869 870 871 869 866 865 824 868 867 867 866 
870 855 872 871 870 869 868 879 869 870 869 868 866 787 870 868 867 868 867 866 872 872 872 871 871 860 873 871 871 875 867 871 869 869 868 933 868 868 868 867 866 848 870 868 868 867 868 907 871 
867 867 865 864 902 867 869 868 867 866 877 870 870 868 867 867 878 870 870 869 867 866 864 870 869 868 866 866 867 868 868 867 866 867 873 871 871 869 868 868 877 871 870 869 867 873 875 869 869 
874 874 873 870 868 899 870 870 868 876 872 869 869 869 869 853 872 871 870 869 868 871 869 871 870 869 866 788 869 868 867 866 865 857 868 867 868 867 866 869 869 868 867 871 871 869 869 868 867 
869 868 867 863 870 868 869 868 869 854 868 868 867 866 865 856 868 868 867 868 868 878 868 869 869 869 868 864 871 870 870 870 869 869 867 866 866 889 871 871 869 868 867 860 870 869 868 866 865 
866 833 868 867 867 866 865 857 866 865 864 856 866 865 865 865 864 821 867 865 865 865 864 947 866 865 864 863 863 862 866 867 869 868 867 877 870 868 867 868 876 871 871 870 868 868 875 870 868 
870 869 868 867 880 868 868 867 866 868 866 869 869 869 869 870 869 869 869 869 883 871 870 870 868 869 800 870 869 867 865 866 895 870 869 867 866 868 848 870 869 868 846 874 872 872 871 870 903 
870 870 869 866 871 869 869 868 867 875 867 866 866 866 865 870 866 867 867 867 867 869 869 868 867 868 867 869 870 869 867 866 867 866 867 866 865 864 868 865 866 867 866 866 856 870 868 868 867 
869 869 868 867 867 868 869 869 868 867 856 870 867 866 864 865 864 865 868 867 866 895 868 869 869 868 868 880 870 869 869 869 869 892 868 866 865 866 865 878 869 868 868 867 866 860 870 868 867 
878 869 868 867 867 869 869 868 868 869 858 871 870 869 868 868 858 871 870 870 870 869 867 868 868 867 867 865 885 867 867 867 867 867 871 869 868 867 871 868 868 868 868 868 883 868 867 866 866 
868 867 865 865 863 868 867 867 868 870 870 870 868 868 873 869 869 868 868 868 871 870 867 865 865 853 864 867 867 866 866 882 867 868 868 868 867 875 869 868 867 887 870 869 868 866 865 876 867 
869 869 893 871 870 870 869 867 885 869 869 869 869 868 855 869 868 866 867 867 868 869 867 867 887 867 866 866 865 865 846 867 866 865 865 865 879 866 866 865 868 868 875 870 869 868 868 939 871 
865 865 887 868 868 868 867 866 848 867 866 865 865 864 876 868 868 866 876 868 866 871 870 869 869 868 860 870 869 868 911 871 870 869 868 867 880 868 868 868 867 866 831 870 869 868 869 868 884 
871 867 867 866 865 935 867 866 866 866 865 867 865 864 865 864 839 866 866 865 864 864 862 868 867 866 866 865 876 868 868 876 869 868 873 871 869 869 866 871 871 870 870 869 880 872 870 869 868 
870 870 866 865 870 868 867 867 866 865 851 867 869 869 868 868 882 870 869 868 925 871 869 868 867 867 860 869 869 869 868 868 870 870 869 868 868 868 882 870 871 870 871 870 804 872 872 871 870 
866 915 868 869 871 868 868 871 870 870 870 869 867 870 869 868 868 867 875 868 868 867 866 864 874 866 866 866 868 845 874 870 869 869 868 911 871 869 869 867 877 869 869 867 867 866 873 867 866 
869 869 867 866 862 867 867 867 866 868 879 871 871 870 869 872 871 871 870 869 870 873 871 869 866 865 879 868 867 867 866 866 860 871 868 867 867 866 907 868 869 868 868 867 870 869 867 865 864 
868 867 867 864 868 868 867 867 867 870 867 870 869 869 869 939 869 870 869 868 867 864 869 868 867 867 866 895 868 868 868 867 867 864 870 870 869 869 869 820 872 870 870 869 869 887 869 868 867 
868 866 874 869 868 867 867 866 786 868 869 867 870 869 870 869 868 868 855 869 868 868 868 868 868 866 868 866 865 865 951 869 868 867 867 867 874 867 867 868 867 867 869 868 866 867 867 866 870 
864 872 870 869 868 868 823 871 871 870 868 868 880 870 869 868 868 867 787 869 869 869 868 868 858 870 870 869 868 868 870 869 869 869 852 871 869 867 868 866 915 868 867 866 865 864 860 868 866 
857 870 870 869 869 868 878 867 867 866 867 866 789 869 868 867 866 866 832 869 867 866 866 866 844 867 867 866 866 865 868 867 867 866 938 868 867 867 866 874 846 870 870 870 870 869 911 871 869 
837 866 866 866 866 865 877 867 867 866 866 864 781 866 865 864 864 868 866 866 864 864 862 867 868 868 868 868 873 874 870 869 868 867 883 870 870 870 869 868 863 867 867 867 866 878 869 868 868 
867 865 865 877 867 869 869 869 869 859 870 869 868 868 868 879 870 870 870 869 869 885 867 867 866 866 866 859 869 867 869 868 867 900 870 870 870 869 869 878 872 871 871 870 869 869 868 868 867 
868 889 868 867 867 866 865 886 867 867 866 865 866 876 869 869 869 868 868 877 870 870 868 867 867 878 871 870 868 868 868 868 867 866 866 868 870 869 868 867 868 894 870 869 869 869 868 865 872 
865 865 861 868 867 867 867 867 866 870 869 867 866 866 858 868 869 867 867 867 891 870 868 866 865 864 868 867 867 867 841 868 868 867 868 867 871 870 870 869 868 867 793 870 869 869 868 866 857 
869 865 871 870 870 869 868 846 869 867 866 879 868 866 866 866 866 825 869 869 868 868 868 861 870 868 867 867 866 858 869 868 868 866 866 875 867 867 867 887 868 878 868 868 868 868 871 869 868 
877 871 870 870 869 867 869 868 867 866 864 869 869 869 868 867 812 870 870 870 869 869 877 870 870 869 869 869 856 869 868 867 866 866 863 866 867 867 935 869 869 868 867 867 850 871 869 868 868 
870 870 870 868 869 871 871 871 868 867 873 868 867 866 866 865 865 868 868 868 868 871 869 869 868 868 872 870 869 868 867 867 893 867 867 866 866 866 872 868 867 866 865 864 885 866 864 865 876 
868 868 868 865 871 870 869 856 867 868 866 866 866 826 870 868 867 867 867 931 869 868 868 868 867 861 870 870 870 869 868 877 869 867 867 866 867 868 868 868 867 868 867 869 868 867 867 868 860 
868 867 868 868 869 855 871 870 868 867 868 854 871 870 869 852 870 868 868 866 865 923 869 866 865 865 867 860 868 869 868 868 868 869 870 868 868 867 866 878 868 869 867 866 874 867 866 866 866 
621 621 621 622 620 620 620 620 621 620 620 620 620 620 620 620 620 620 620 620 620 620 620 620 620 620 620 620 619 619 619 619 619 619 619 619 618 618 618 618 618 618 618 618 618 618 618 618 618 
325 325 325 325 324 325 325 325 325 325 325 325 325 325 324 324 324 324 324 324 324 324 324 324 324 324 324 324 324 324 324 323 323 323 323 323 323 323 322 322 322 322 322 323 322 322 322 323 323 
177 177 177 177 177 177 178 177 177 177 177 177 177 177 173 176 176 176 175 176 175 175 175 175 175 175 175 175 175 175 176 176 177 177 177 177 177 177 177 176 175 175 175 175 175 175 175 175 175 
78 78 78 79 78 78 79 76 76 76 76 76 76 76 76 75 75 75 75 75 75 77 77 78 78 78 78 78 78 78 76 76 76 76 75 75 75 75 75 75 75 75 75 75 75 76 77 77 77 
44 44 45 45 45 45 45 42 42 42 41 41 41 41 41 41 41 41 41 41 41 41 41 44 44 44 45 45 45 45 41 42 42 42 41 41 41 41 41 41 41 41 41 41 41 41 41 43 44 
27 27 27 27 26 26 26 26 26 26 26 26 26 26 26 26 26 26 27 27 27 27 27 27 27 27 27 25 24 24 24 24 24 24 23 24 24 23 24 24 23 25 26 26 26 26 27 26 27 
13 13 13 13 13 13 15 16 16 16 16 16 17 16 16 14 13 14 13 13 13 13 13 13 13 13 13 13 13 15 15 16 15 16 16 16 16 16 17 14 14 14 13 13 13 13 13 13 13 
10 10 11 11 11 11 11 8 8 8 7 7 7 7 7 7 7 7 7 7 7 7 7 9 10 10 10 10 10 11 11 11 9 10 9 9 8 8 8 8 8 8 8 8 8 9 8 8 10 
4 4 3 3 3 3 3 3 3 3 3 3 3 3 3 5 6 6 6 6 7 7 7 5 5 5 5 5 4 4 4 4 4 4 4 4 4 4 4 6 6 6 6 6 7 6 7 7 5 
3 2 3 3 2 3 2 2 3 2 3 4 4 4 5 5 5 5 5 5 3 3 3 3 3 3 2 3 2 2 2 2 2 3 2 2 4 5 4 5 5 5 5 5 5 5 5 5 5 
2 2 2 2 2 2 2 2 2 2 2 1 2 3 3 4 4 4 4 4 5 2 2 2 2 2 2 2 2 2 2 2 2 2 1 1 3 3 3 4 4 4 4 4 4 4 4 4 4 
2 2 2 2 2 3 2 3 3 3 3 4 3 4 3 3 2 2 1 2 1 1 1 1 1 1 1 1 1 1 1 2 3 3 3 3 3 3 3 3 1 0 0 0 0 0 0 0 0 
0 0 0 0 0 0 0 0 2 2 2 2 3 3 3 3 3 3 1 1 1 1 0 0 0 0 0 0 0 0 0 0 0 2 2 3 3 3 3 3 3 3 2 2 1 1 1 1 1 
1 1 2 2 2 2 3 2 3 3 0 0 0 0 0 0 0 0 0 0 0 0 0 0 0 1 1 1 1 2 2 2 2 2 1 0 0 0 0 0 0 0 0 0 0 0 0 0 0 
2 2 2 2 2 1 0 0 0 0 0 0 0 0 0 0 0 0 0 0 1 2 2 2 2 2 3 2 2 1 0 0 0 0 0 0 0 0 0 0 0 0 0 0 0 2 2 2 2 
2 3 3 3 3 2 3 2 3 3 2 3 3 2 3 3 2 3 2 3 2 2 2 2 2 2 2 2 2 2 2 2 2 2 2 1 2 3 2 3 3 2 3 3 3 1 2 1 1 
2 2 2 2 2 2 2 2 2 2 2 1 1 1 1 1 1 1 1 1 1 1 1 1 1 1 2 2 2 2 2 2 2 1 0 0 0 0 0 0 0 0 0 0 0 0 0 0 0 
