1 1 1 0 0 0 0 0 0 0 0 0 0 0 0 0 0 0 0 0 0 0 1 1 1 0 0 0 0 0 0 0 0 0 0 0 0 0 0 0 0 0 0 0 0 1 0 1 1 
0 0 0 0 0 0 0 0 0 0 0 0 1 1 0 1 1 1 1 1 0 0 0 0 0 0 0 0 0 0 0 0 0 0 0 0 0 0 1 0 1 1 0 1 0 0 0 0 0 
1 1 1 1 1 1 0 0 0 0 0 0 0 0 0 0 0 0 0 0 0 0 0 0 0 0 0 1 1 1 0 0 0 0 0 0 0 0 0 0 0 0 0 0 0 0 0 0 0 
1 1 1 1 2 1 1 1 1 1 1 1 1 1 1 1 0 0 0 0 0 0 0 0 0 0 0 0 0 0 0 0 0 1 1 0 1 0 1 0 0 0 0 0 0 0 0 0 0 
1 1 1 1 1 0 0 0 0 0 0 0 0 0 0 0 0 0 0 0 0 0 0 0 1 1 1 1 0 0 0 0 0 0 0 0 0 0 0 0 0 0 0 0 0 0 0 0 0 
1 1 1 1 0 0 0 0 0 0 0 0 0 0 0 0 0 1 0 0 1 1 1 1 1 1 1 0 0 0 0 0 0 0 0 0 0 0 0 0 0 0 0 0 1 0 1 1 1 
0 0 0 0 0 0 0 0 0 0 0 0 0 1 1 1 0 0 0 0 0 0 0 0 0 0 0 0 0 0 0 0 0 0 0 0 1 1 1 1 1 0 0 0 0 0 0 0 0 
0 1 0 1 1 0 0 0 0 0 0 0 0 0 0 0 0 0 0 0 0 0 0 0 1 1 1 1 1 1 0 0 0 0 0 0 0 0 0 0 0 0 0 0 0 0 0 1 0 
0 1 1 1 1 0 0 0 0 0 0 0 0 0 0 0 0 0 0 0 0 0 1 0 0 1 0 1 0 0 0 0 0 0 0 0 0 0 0 0 0 0 0 0 0 0 0 0 1 
1 1 1 0 0 0 0 0 0 0 0 0 0 0 0 0 0 0 0 0 0 1 1 1 1 1 1 1 1 1 1 1 1 1 1 1 1 1 1 1 1 1 1 1 1 1 1 1 1 
1 1 1 1 1 0 0 0 0 0 0 0 0 0 0 0 0 0 0 0 0 0 1 1 1 1 1 1 0 0 0 0 0 0 0 0 0 0 0 0 0 0 0 0 0 0 0 1 0 
140 140 138 139 138 139 137 138 138 137 137 138 133 148 141 141 142 140 141 141 141 139 140 140 139 138 139 111 140 141 141 140 139 140 140 140 138 140 141 141 154 141 143 143 143 141 140 140 140 
250 250 250 249 248 249 247 248 296 250 249 250 249 250 248 249 247 249 247 249 248 259 250 251 250 251 250 251 251 250 250 250 250 249 250 253 252 250 251 251 251 251 251 251 251 251 250 251 243 
375 374 374 374 373 372 372 373 373 371 375 374 373 372 373 373 373 373 373 314 375 375 375 374 374 373 374 374 371 372 374 374 374 374 374 374 374 373 373 404 375 375 374 374 374 374 374 374 374 
449 448 448 448 448 448 448 433 450 449 450 449 449 448 448 373 450 450 450 450 449 449 448 447 448 445 450 450 450 450 449 448 447 448 417 451 451 451 450 450 449 449 445 450 450 450 450 450 450 
522 521 519 522 523 521 522 523 521 521 519 566 523 523 521 522 521 519 521 521 518 523 522 521 521 521 519 520 573 522 521 522 526 521 522 521 518 522 523 523 521 522 522 519 615 523 522 523 522 
573 575 574 574 574 567 575 575 575 573 574 574 573 497 575 573 575 573 573 571 573 575 575 575 573 575 574 574 554 575 575 575 575 573 574 571 587 575 575 573 574 573 573 571 573 575 575 575 574 
615 616 615 607 617 616 617 617 615 617 615 603 616 616 615 615 615 614 615 605 615 615 615 615 615 563 617 615 616 615 616 615 615 617 617 617 615 615 614 615 614 615 615 615 615 615 615 615 617 
660 658 658 666 659 659 659 658 658 658 659 661 659 659 659 658 659 668 662 659 660 659 658 659 660 659 660 658 657 658 632 658 659 659 661 658 659 659 661 659 660 659 659 659 659 663 660 661 660 
622 691 688 689 689 688 688 688 690 689 690 689 688 689 739 691 688 688 689 688 687 686 688 690 689 688 688 676 690 689 690 689 688 688 696 690 690 688 688 688 688 649 688 689 689 686 688 687 684 
713 719 715 714 715 714 713 712 703 719 714 714 713 713 725 715 716 715 714 713 713 715 715 714 714 714 713 711 715 714 714 713 712 711 704 715 713 714 714 713 709 714 713 712 713 713 712 747 714 
735 736 743 740 737 736 737 736 736 667 736 736 736 736 735 734 726 736 737 737 736 672 738 738 736 736 736 737 737 738 736 737 736 736 735 743 735 735 735 735 734 731 737 739 739 739 738 737 666 
757 756 740 757 756 755 756 754 738 757 754 754 754 754 753 744 755 755 756 755 755 755 754 757 756 756 756 754 767 757 756 757 756 753 752 746 755 754 754 753 752 751 759 755 755 756 755 754 759 
777 782 775 776 775 774 774 773 780 777 775 777 776 776 776 778 776 775 776 768 781 778 777 777 776 774 782 775 775 775 774 774 768 774 774 775 776 776 775 779 777 775 776 775 770 777 777 776 776 
789 789 789 785 789 788 788 787 787 771 789 787 788 788 788 777 788 790 790 789 789 789 792 791 790 789 788 787 815 789 788 788 786 803 789 788 789 789 788 787 779 789 788 788 787 787 772 790 790 
800 801 800 799 799 747 798 799 799 799 799 801 801 801 800 800 813 800 800 799 799 799 799 801 800 799 799 798 796 788 800 798 798 799 799 801 800 800 800 799 728 800 799 799 798 798 799 798 799 
808 788 810 809 808 808 807 803 813 809 808 808 735 810 809 809 808 808 775 814 811 811 810 810 809 806 810 807 807 808 807 803 811 809 809 809 808 803 809 808 807 806 798 808 808 808 808 808 853 
816 816 816 820 819 818 817 816 812 819 816 815 815 815 814 806 818 817 817 815 815 798 817 817 816 816 816 805 818 818 817 816 815 814 819 816 816 815 814 815 817 821 821 820 820 818 745 820 820 
831 825 826 825 826 825 816 826 826 825 824 845 829 827 827 826 825 867 827 827 826 826 825 825 830 829 829 829 828 828 825 828 828 827 827 827 834 829 827 826 825 832 826 824 824 824 823 833 827 
831 830 830 829 835 829 828 829 828 828 825 831 831 831 830 831 839 832 831 831 831 836 835 834 834 833 833 839 835 834 834 833 831 837 832 831 830 831 831 805 834 832 833 833 822 833 833 833 833 
835 834 843 837 836 835 835 834 752 835 835 835 834 834 848 836 836 835 835 835 911 837 835 837 837 837 837 838 838 838 837 793 839 839 838 838 837 837 840 838 837 837 836 887 839 837 839 838 838 
840 840 839 838 839 835 842 842 842 841 840 853 842 841 840 845 844 841 840 839 839 838 843 840 840 839 838 842 837 843 843 842 842 842 873 843 842 841 841 840 846 843 842 839 885 841 840 840 839 
843 843 842 842 841 844 845 845 845 840 847 846 845 844 844 843 848 846 845 844 844 843 830 843 842 841 847 845 844 844 845 846 846 848 847 846 846 845 850 847 847 847 846 845 922 847 845 844 844 
850 849 848 847 847 846 860 846 847 846 846 846 841 848 848 847 848 848 836 850 850 849 848 850 851 850 849 849 847 851 848 847 846 846 845 857 848 847 847 847 848 822 851 851 850 850 850 849 852 
854 854 852 852 852 879 852 852 853 849 850 771 852 852 851 850 850 868 852 852 852 851 851 839 852 851 849 849 855 851 850 850 849 849 877 849 849 848 848 848 853 849 850 851 851 851 858 852 852 
852 851 875 853 852 852 852 859 854 853 853 852 848 853 851 861 853 853 853 859 855 854 853 854 853 867 856 855 855 854 853 857 853 853 853 852 855 852 852 853 852 829 854 854 853 852 852 838 857 
852 853 804 856 854 854 853 853 870 858 856 855 855 855 823 856 855 855 854 854 854 857 856 855 854 853 846 855 854 854 855 875 858 856 856 856 855 861 857 857 857 855 855 854 858 855 856 855 854 
855 854 853 858 859 858 858 857 889 859 858 857 857 857 860 859 859 859 858 858 884 858 857 856 855 855 850 857 856 857 857 856 879 859 859 858 858 857 860 861 860 860 860 858 875 858 857 856 855 
860 859 859 858 842 860 858 858 858 857 857 856 860 859 859 859 848 861 861 860 860 851 862 862 861 861 859 851 860 859 858 857 857 847 859 858 859 859 858 833 860 860 860 860 860 856 862 859 858 
861 859 858 857 883 861 860 859 859 858 778 862 861 860 860 859 873 862 863 862 860 861 786 862 862 861 857 863 860 859 859 858 857 858 859 860 859 859 859 856 861 860 861 861 860 866 862 861 861 
860 872 863 863 860 816 863 861 860 859 859 863 860 860 859 859 858 814 863 862 862 862 861 877 865 863 863 862 861 813 863 862 860 862 864 861 862 860 859 852 863 863 863 863 862 868 868 864 863 
860 943 863 860 860 860 860 830 861 861 863 862 862 911 864 864 862 861 855 863 863 862 861 861 859 860 860 860 859 858 862 862 861 863 863 863 875 864 864 864 863 863 869 864 863 863 864 864 862 
860 860 855 862 862 863 863 863 852 865 864 863 863 862 863 863 862 862 861 861 865 862 861 861 860 860 856 861 861 861 861 862 877 864 864 864 863 862 854 866 864 863 863 863 859 864 862 862 861 
864 863 863 860 870 865 864 863 862 862 863 862 862 861 861 860 871 863 862 862 861 860 864 862 862 861 833 862 861 861 861 861 872 865 864 863 863 862 777 863 861 863 863 862 879 866 866 865 865 
862 861 860 860 862 861 861 860 861 862 864 862 862 863 860 868 864 864 864 857 867 867 866 866 864 861 867 864 864 863 862 873 864 864 863 863 865 873 865 865 864 864 863 859 867 866 865 865 866 
867 866 866 865 865 861 866 865 864 864 864 862 865 862 862 854 864 863 862 862 862 856 864 863 862 862 862 858 864 863 863 862 862 876 863 863 863 862 861 869 863 862 860 858 864 865 864 864 863 
865 865 865 876 867 866 865 856 863 866 865 864 864 931 865 864 864 863 862 856 865 863 863 863 862 911 865 864 864 863 863 862 863 864 862 862 896 862 862 861 861 861 838 863 863 862 866 863 842 
866 882 871 868 868 867 867 927 868 866 865 864 866 865 866 867 866 867 860 868 868 867 866 865 880 868 867 866 865 864 847 865 864 863 863 863 864 865 864 864 863 864 864 864 863 863 846 866 865 
861 869 868 868 867 867 864 868 867 866 866 865 862 868 866 865 835 865 864 863 863 862 931 867 866 865 864 864 852 866 865 865 865 865 925 866 865 865 863 862 867 863 863 863 862 862 865 865 864 
866 866 859 869 867 867 866 865 892 868 868 868 867 867 860 868 867 866 865 865 895 865 864 863 864 870 868 868 867 867 867 868 868 868 866 865 864 869 868 866 865 865 812 867 865 864 863 863 870 
866 865 877 868 868 868 867 866 870 869 869 868 867 864 865 866 865 864 863 863 867 868 867 866 890 867 867 868 867 867 872 870 870 869 868 867 897 867 866 865 865 864 862 867 866 865 865 865 847 
864 868 867 865 864 864 865 865 864 864 864 863 872 866 867 866 866 866 872 870 869 869 868 868 866 868 867 864 858 866 866 865 865 865 869 866 867 866 866 866 874 871 869 868 869 868 822 870 869 
866 865 867 808 869 868 867 866 865 876 868 868 868 867 867 848 869 869 866 865 864 851 867 866 865 864 864 861 866 865 866 865 865 875 869 868 868 867 867 877 868 868 868 866 865 868 866 865 864 
869 868 866 866 865 865 881 868 867 869 869 872 870 868 868 867 844 873 871 870 870 869 915 871 867 867 866 866 867 871 868 868 866 867 863 870 869 868 867 866 872 869 868 868 868 871 869 868 866 
867 853 870 867 866 866 865 856 866 865 864 864 864 879 869 869 868 868 868 864 868 867 867 867 866 872 870 869 866 937 869 867 866 864 863 842 870 869 868 868 868 911 870 869 869 869 868 864 873 
869 869 868 868 857 870 868 868 867 867 858 870 869 869 868 866 875 866 865 864 864 864 852 866 865 866 870 870 868 869 868 868 927 869 869 869 868 868 856 869 867 865 865 865 867 868 867 866 865 
867 866 865 865 838 868 867 866 866 867 878 870 870 869 869 868 857 870 869 867 836 871 870 864 866 865 933 868 867 866 865 865 848 868 868 868 868 868 911 869 869 869 869 868 856 872 869 869 867 
904 867 866 865 865 865 877 869 868 867 867 865 867 866 866 866 866 865 872 869 868 866 865 865 873 867 867 866 866 866 871 867 869 867 867 866 871 868 868 868 868 871 869 870 870 869 868 855 867 
868 854 870 869 866 865 865 865 867 867 866 866 865 885 866 865 865 865 864 858 866 865 865 865 864 866 866 865 865 810 866 866 865 865 864 873 865 866 866 866 865 845 868 867 867 866 867 866 871 
868 868 867 867 866 869 869 869 868 868 872 873 870 869 869 868 927 869 869 868 867 866 868 866 868 867 864 886 866 867 866 866 865 859 867 867 866 865 864 866 865 865 865 864 864 875 866 866 865 
865 865 873 871 870 870 869 869 804 870 869 868 867 867 883 871 869 869 865 867 787 868 868 867 866 871 872 869 869 869 868 876 870 869 868 868 867 873 872 871 870 869 864 868 868 868 867 867 869 
867 867 867 884 869 869 868 867 867 852 870 869 868 868 867 864 871 870 870 870 869 870 869 868 867 891 867 868 867 866 866 841 869 868 868 868 867 866 870 869 869 868 868 866 869 868 868 868 868 
868 867 866 865 878 868 868 867 867 867 870 871 870 870 869 869 878 871 871 870 869 868 871 869 868 866 867 866 883 867 867 867 885 871 870 869 868 868 797 871 870 870 869 869 883 870 869 868 867 
868 865 869 868 868 867 866 863 868 867 865 866 867 878 870 869 869 808 871 870 869 869 869 876 869 867 867 866 865 852 867 866 866 865 865 867 871 870 870 869 869 858 870 869 868 867 872 871 870 
870 869 867 867 877 871 870 869 870 869 869 872 871 870 869 868 891 871 870 869 868 866 860 867 866 866 871 869 867 869 869 868 870 872 870 870 869 868 820 870 869 868 867 867 885 868 867 866 866 
872 871 869 828 872 870 869 868 867 885 868 868 868 867 867 837 870 871 870 869 868 869 869 869 868 868 882 871 871 870 867 866 871 868 866 865 865 865 877 869 869 869 868 867 885 869 869 869 868 
865 871 867 867 868 868 907 870 870 868 869 869 878 875 873 873 872 871 863 873 870 870 867 875 868 868 867 867 869 880 870 870 870 869 869 876 871 871 870 870 869 876 871 870 867 866 865 870 867 
868 864 871 870 870 869 868 871 871 873 873 872 872 927 873 873 872 872 871 874 869 869 868 868 867 923 870 868 871 869 869 876 871 871 870 869 869 903 870 870 869 869 869 880 867 869 868 867 866 
867 867 867 866 866 888 868 868 867 867 866 786 867 867 875 867 867 870 869 869 867 864 874 869 869 869 868 871 870 872 870 869 868 919 870 868 868 867 867 864 872 870 870 871 901 872 871 870 869 
868 870 872 870 871 870 869 816 870 869 869 869 869 886 868 868 868 866 865 824 869 867 867 868 866 867 866 866 866 853 867 867 866 866 865 849 864 866 866 866 865 909 866 865 864 864 864 875 868 
873 870 869 869 869 907 870 868 867 867 867 879 867 867 866 867 864 870 869 869 868 868 861 871 871 871 870 870 865 871 870 867 866 865 863 868 867 867 866 864 868 868 867 867 861 869 869 869 868 
869 869 863 870 870 870 869 868 872 870 869 868 869 871 870 870 869 869 919 870 870 870 869 869 858 869 867 866 866 866 879 870 867 867 866 866 864 869 869 868 867 867 868 868 868 868 867 873 870 
868 867 867 869 868 901 870 869 868 867 867 875 870 870 870 869 869 852 865 867 866 866 865 863 868 867 866 865 865 880 868 868 868 868 867 871 870 869 868 867 868 874 870 870 867 867 869 871 868 
872 870 880 870 869 869 868 867 861 871 871 871 870 869 864 874 873 872 871 871 891 873 873 872 872 869 873 869 868 868 867 871 869 870 869 868 883 871 869 869 869 868 848 870 870 869 868 868 877 
870 869 870 870 863 873 872 871 871 870 902 871 870 870 869 866 860 870 869 868 867 866 871 870 870 870 870 873 872 870 870 869 821 872 872 872 871 870 873 869 868 867 866 867 856 867 868 867 868 
870 869 869 867 836 868 867 866 865 864 881 868 867 867 809 869 869 868 868 867 886 871 872 871 870 869 800 870 868 866 866 864 881 869 868 868 869 869 860 871 869 869 875 876 872 872 872 871 917 
878 867 867 867 867 866 848 867 868 868 872 877 870 869 869 868 895 868 869 868 867 867 860 866 868 867 867 866 915 871 868 868 866 868 864 873 871 870 870 859 871 870 869 869 868 865 872 872 869 
866 868 869 868 868 867 867 854 869 869 866 866 844 868 867 865 865 865 845 866 866 866 866 866 864 868 867 866 866 864 877 867 866 867 868 868 865 870 869 868 867 877 870 869 869 868 868 866 870 
869 870 869 868 880 871 870 869 869 867 895 870 868 868 869 869 874 871 870 869 869 895 871 871 870 869 869 870 869 867 867 866 865 858 868 868 867 866 866 872 869 869 868 867 867 881 869 869 868 
867 793 869 869 868 868 868 875 870 871 870 870 870 875 870 869 869 868 867 870 869 868 867 864 870 868 867 866 866 871 869 869 869 869 868 951 872 870 870 869 869 873 870 869 867 866 904 868 867 
868 868 867 867 867 821 869 869 869 869 868 885 870 870 869 868 867 872 868 868 868 866 861 868 867 866 866 864 871 868 867 868 867 848 874 869 868 868 867 933 870 869 869 868 868 858 868 867 866 
866 865 854 872 869 873 870 882 870 870 870 870 870 864 874 873 872 871 870 902 869 868 868 867 866 883 871 871 870 869 870 864 872 871 870 870 873 872 871 871 870 800 873 872 869 868 867 867 868 
869 868 868 870 869 869 868 867 867 862 870 869 869 869 868 891 869 868 867 866 865 868 868 866 866 867 867 860 870 870 870 870 869 873 871 870 870 869 869 860 871 869 868 867 866 874 868 868 867 
788 869 868 867 866 866 885 868 868 867 866 875 870 870 869 869 868 867 870 869 869 868 864 868 870 871 869 869 871 876 868 868 867 866 861 869 867 868 867 868 870 870 869 869 869 883 870 870 869 
872 870 870 869 869 874 878 872 870 869 869 857 871 867 867 866 876 869 868 868 867 866 882 868 868 868 867 866 864 867 866 865 866 866 895 866 866 866 866 865 863 868 867 866 879 869 869 869 868 
848 870 869 867 866 864 858 867 866 866 866 865 887 870 869 869 868 867 865 869 868 867 796 870 869 868 869 866 881 868 868 867 867 866 848 869 867 868 868 868 863 870 870 869 869 869 876 871 870 
868 868 867 867 882 870 870 869 869 868 871 871 870 870 879 871 870 870 869 867 866 871 869 868 868 867 810 870 869 869 868 867 872 871 871 870 870 870 797 869 869 868 867 876 869 868 868 867 864 
869 868 853 868 867 867 867 866 863 868 867 866 867 866 852 869 869 868 868 868 877 871 870 869 869 868 862 870 867 866 865 865 875 868 867 867 866 868 880 868 867 867 866 866 866 869 869 869 869 
870 870 868 871 870 871 871 871 868 864 871 868 867 865 866 869 871 869 871 870 870 856 870 870 870 870 863 873 872 871 870 869 886 869 868 867 867 866 862 870 869 868 869 870 900 872 871 871 870 
865 880 867 867 866 866 865 843 867 866 865 866 866 858 867 866 865 864 871 867 866 865 873 870 872 868 868 868 868 854 868 870 869 869 868 842 874 871 868 867 866 939 869 868 866 866 876 870 870 
870 870 870 870 869 854 871 870 870 869 867 862 869 868 867 867 866 849 869 868 867 867 867 862 869 868 868 853 871 869 868 867 866 860 872 868 867 866 866 935 869 867 866 866 865 864 868 865 865 
871 870 870 870 868 869 869 868 868 868 868 927 869 867 867 866 866 871 870 867 867 867 900 869 868 868 868 868 846 870 869 868 867 866 886 867 867 866 865 864 858 867 867 867 867 866 863 868 867 
868 868 867 876 870 869 869 868 868 870 869 870 869 875 869 868 867 866 865 842 867 866 866 866 867 865 869 869 869 867 867 868 869 869 868 868 867 865 872 871 869 868 869 868 867 866 866 875 872 
869 873 871 869 867 790 869 869 868 868 867 864 876 871 871 870 869 860 870 871 870 870 870 882 872 871 870 869 868 868 869 867 866 861 869 867 867 869 869 927 871 870 869 868 868 866 870 871 870 
868 882 868 868 868 868 868 865 871 870 869 869 868 901 869 868 868 866 865 866 869 867 867 842 868 867 867 867 866 883 868 869 868 867 866 786 868 867 867 867 867 871 871 870 869 868 868 852 872 
867 873 872 871 871 870 841 869 868 867 866 867 873 870 869 868 870 868 799 871 871 870 869 868 875 870 870 870 869 869 872 868 866 866 866 867 869 868 867 867 939 869 868 868 867 866 871 868 867 
865 868 867 867 867 868 870 870 870 869 868 867 870 869 869 868 868 875 869 868 867 866 865 872 867 867 866 866 867 872 870 869 868 866 870 870 870 869 868 866 870 869 868 867 867 890 869 868 867 
866 867 867 868 869 868 869 883 871 870 869 867 867 864 869 869 869 869 868 901 869 868 867 866 865 874 867 867 867 866 867 855 868 867 867 867 867 864 870 869 869 868 867 880 869 868 867 866 866 
869 868 868 886 869 869 868 868 867 871 870 868 866 879 867 868 867 866 866 885 868 870 871 870 870 798 870 870 869 869 869 889 872 872 871 871 870 849 868 868 867 870 873 870 869 869 869 921 870 
877 870 870 869 869 869 925 870 868 867 866 865 873 868 869 870 870 869 891 871 870 870 869 889 871 870 870 870 870 880 870 868 867 867 865 869 869 868 868 868 869 880 871 872 871 870 869 873 870 
870 868 868 867 872 868 868 867 867 866 868 867 867 867 868 867 862 870 869 868 868 867 875 870 869 869 852 868 868 867 866 866 877 866 866 865 865 865 854 866 865 865 865 865 872 867 867 867 866 
882 869 868 869 868 868 864 867 867 867 866 866 872 868 867 866 867 871 870 869 868 867 867 870 869 868 868 868 923 869 868 868 866 866 867 869 869 869 867 866 895 869 868 867 867 867 869 868 868 
870 869 869 840 869 869 869 868 868 889 870 870 870 869 868 858 867 867 865 866 866 856 868 867 867 868 868 869 869 869 869 868 868 865 871 870 869 868 867 895 870 868 867 867 866 870 867 866 865 
868 875 871 870 869 868 868 872 873 871 870 870 868 825 871 870 868 866 866 868 868 867 867 864 873 869 868 868 868 874 876 872 871 870 870 937 872 870 870 869 866 856 870 868 868 867 867 869 869 
796 868 867 867 866 865 887 867 867 867 866 865 870 869 869 869 868 877 870 870 869 867 864 872 870 870 869 867 867 867 866 866 865 865 941 868 868 868 868 868 871 870 870 869 869 901 869 869 868 
917 870 869 868 868 868 854 865 868 867 866 865 911 868 868 868 867 867 852 868 867 866 866 866 857 868 866 866 865 877 866 865 865 871 867 878 870 869 869 868 868 870 871 869 868 868 866 875 870 
870 870 869 857 870 867 867 867 866 877 868 867 867 866 865 872 869 868 867 868 870 869 869 869 868 927 871 869 869 868 866 857 866 867 866 866 865 863 869 869 866 865 864 880 868 866 866 866 878 
870 867 870 870 870 870 937 872 871 871 870 869 871 870 869 867 867 856 869 868 867 866 865 873 867 867 867 868 867 886 870 869 869 868 867 862 870 869 869 869 869 879 866 865 865 890 867 867 866 
866 866 866 866 867 870 867 868 868 868 869 869 868 868 868 868 872 871 870 870 869 854 868 867 866 866 866 866 869 868 867 868 868 873 871 870 870 870 871 865 871 871 870 874 871 870 867 867 867 
868 869 870 870 870 869 873 871 870 870 868 868 856 869 867 867 866 866 832 872 869 868 868 867 935 871 869 869 869 871 869 868 867 867 868 840 868 868 866 866 865 886 867 866 866 866 866 858 868 
870 869 869 869 868 872 871 871 869 868 866 889 868 868 867 867 869 870 870 870 868 794 871 870 870 869 869 867 872 870 869 868 866 858 869 869 868 867 867 879 869 868 868 868 868 867 869 868 867 
869 869 907 871 870 869 866 866 876 867 868 867 867 867 829 867 868 868 868 868 871 871 870 870 869 861 869 868 867 867 866 875 869 868 867 867 864 868 868 866 867 866 869 868 870 870 870 868 951 
789 789 789 789 788 790 790 790 790 790 790 790 790 790 790 790 790 790 790 789 789 787 787 787 787 787 787 786 786 786 786 787 787 787 787 787 787 787 787 787 787 787 787 786 787 786 786 785 785 
324 324 324 324 324 323 323 323 323 323 322 322 322 322 322 322 322 322 322 323 322 322 323 323 323 323 323 323 323 322 322 322 321 322 321 321 321 321 321 321 321 321 321 322 322 322 322 322 322 
178 177 178 178 177 178 178 178 178 177 177 177 177 178 177 177 177 177 177 177 177 177 176 176 175 175 175 175 175 175 174 174 174 174 174 174 174 174 175 175 176 176 176 176 176 176 175 174 174 
96 96 97 96 98 98 98 98 99 98 98 99 98 97 97 97 97 97 96 97 97 97 97 96 97 97 97 97 97 98 98 98 99 98 98 99 97 97 97 97 97 97 97 97 96 96 96 96 96 
56 56 56 55 55 54 54 54 54 54 54 54 54 54 54 54 54 55 56 56 56 56 56 56 57 56 57 55 55 55 55 55 54 55 54 54 54 54 54 54 54 56 56 56 56 56 56 56 56 
32 33 32 32 31 31 30 30 30 30 30 30 30 30 30 30 30 30 30 30 32 32 32 32 32 33 33 32 33 33 31 31 31 31 31 31 31 31 31 31 31 31 31 31 31 31 32 32 32 
16 16 17 17 16 17 17 17 15 14 14 14 13 13 13 13 13 13 13 13 13 13 13 16 16 16 16 17 17 17 17 17 15 15 14 14 14 14 14 13 14 14 14 13 13 13 13 15 16 
12 11 12 9 9 9 8 8 8 8 8 8 8 8 8 8 8 10 11 11 11 11 11 11 11 12 11 9 9 9 8 8 8 8 8 8 8 8 7 8 8 8 8 11 11 11 12 12 11 
6 6 7 6 7 7 7 8 7 7 8 7 8 8 6 6 5 5 5 5 5 5 5 5 5 5 5 5 5 7 7 7 8 7 8 8 8 8 6 5 5 4 4 4 4 4 4 4 4 
6 6 6 6 7 6 6 6 6 6 6 6 6 6 6 6 6 6 6 6 5 5 5 5 5 5 5 5 5 5 5 5 5 6 6 5 6 6 6 6 6 6 6 5 4 4 4 4 4 
5 4 4 5 4 4 5 4 3 3 3 2 2 2 2 2 2 2 2 2 2 2 3 4 4 4 4 5 4 4 5 4 2 1 1 1 1 1 1 1 1 1 0 0 1 1 1 0 3 
2 3 3 3 3 4 4 3 4 3 3 4 4 4 4 3 4 4 4 4 3 3 4 3 4 4 3 4 3 3 3 3 3 4 3 3 2 3 2 2 2 2 2 3 2 2 2 2 3 
2 2 2 2 2 3 2 3 3 3 3 3 3 3 3 1 1 1 1 1 1 1 1 1 1 0 1 1 1 2 2 2 3 2 2 3 2 3 3 0 0 0 0 0 0 0 0 0 0 
3 3 3 1 2 1 1 1 1 1 1 0 1 0 0 1 0 0 1 2 2 3 3 2 3 3 3 1 0 0 0 0 0 0 0 0 0 0 0 0 0 0 0 1 1 2 2 2 3 
2 2 2 2 0 0 0 0 0 0 0 0 0 0 0 0 0 0 1 1 1 2 2 2 2 2 2 2 0 0 0 0 0 0 0 0 0 0 0 0 0 0 0 0 0 1 2 2 2 
2 1 2 2 2 2 2 2 3 0 0 0 0 0 0 0 0 0 0 0 0 0 0 0 0 0 1 1 2 2 2 2 2 2 3 0 0 0 0 0 0 0 0 0 0 0 0 0 0 
0 0 0 0 0 0 0 0 1 1 1 2 2 2 2 2 2 1 0 0 0 0 0 0 0 0 0 0 0 0 0 0 1 2 2 2 2 2 3 2 2 3 0 0 0 0 0 0 0 
0 0 0 0 0 1 1 1 2 2 2 2 0 0 0 0 0 0 0 0 0 0 0 0 0 0 0 0 1 1 1 2 2 2 2 2 0 0 0 0 0 0 0 0 0 0 0 0 0 
2 2 2 2 2 2 0 0 0 0 0 0 0 0 0 0 0 0 0 0 1 1 1 2 2 2 2 2 2 2 0 0 0 0 0 0 0 0 0 0 0 0 0 0 1 1 1 2 1 
0 0 0 0 0 1 1 1 1 1 2 1 2 0 0 0 0 0 0 0 0 0 0 0 0 0 0 0 0 1 1 1 1 1 1 2 1 2 1 0 0 0 0 0 0 0 0 0 0 
1 2 2 2 2 2 2 0 0 0 0 0 0 0 0 0 0 0 0 0 0 0 0 0 1 1 1 1 2 2 2 2 2 0 0 0 0 0 0 0 0 0 0 0 0 0 0 0 0 
0 0 0 0 0 0 0 0 0 0 0 0 1 1 2 2 2 1 2 2 2 1 0 0 0 0 0 0 0 0 0 0 0 0 0 0 1 1 2 1 2 2 2 2 2 2 2 2 2 
0 0 0 0 0 0 0 1 1 1 2 1 1 2 2 1 2 1 2 2 2 2 2 2 2 2 2 2 2 2 2 2 2 2 2 2 2 1 2 1 1 1 1 1 1 2 1 1 1 
0 0 0 1 1 2 2 2 2 2 2 2 2 2 2 2 2 2 2 2 2 2 2 2 2 2 2 2 2 2 2 2 2 2 2 2 1 1 1 1 1 1 1 1 1 1 1 1 1 
