0 1 1 1 1 1 1 1 1 0 0 0 0 0 0 0 0 0 0 0 0 0 0 0 0 0 0 0 0 0 1 1 1 1 0 0 0 0 0 0 0 0 0 0 0 0 0 0 0 
0 1 1 1 1 1 1 1 1 1 1 1 1 1 1 1 1 1 1 1 1 1 1 1 1 1 1 1 1 1 0 0 0 0 0 0 0 0 0 0 0 0 0 0 0 1 1 1 1 
0 0 0 0 0 0 0 0 0 0 0 0 0 1 1 1 1 1 1 0 0 0 0 0 0 0 0 0 0 0 0 0 0 0 0 0 0 1 1 0 1 1 0 0 0 0 0 0 0 
1 1 1 1 1 1 1 1 1 1 1 0 0 0 0 0 0 0 0 0 0 0 0 0 0 0 1 1 1 1 1 1 1 1 0 0 0 0 0 0 0 0 0 0 0 0 0 0 0 
1 1 1 0 0 0 0 0 0 0 0 0 0 0 0 0 0 0 0 0 1 1 1 1 1 1 0 0 0 0 0 0 0 0 0 0 0 0 0 0 0 0 0 0 0 1 1 1 1 
0 0 0 0 0 0 0 0 0 1 1 1 1 1 1 1 1 1 1 0 0 0 0 0 0 0 0 0 0 0 0 0 0 0 0 0 1 0 1 1 1 1 1 0 0 0 0 0 0 
0 0 0 0 0 0 0 0 0 0 0 0 0 0 0 0 0 1 0 1 1 1 1 1 1 1 1 1 1 1 1 1 1 1 1 1 1 1 1 1 1 1 1 1 1 1 1 0 0 
0 0 0 0 0 0 1 1 1 1 1 1 0 0 0 0 0 0 0 0 0 0 0 0 0 0 0 0 0 0 1 1 1 1 1 1 1 0 0 0 0 0 0 0 0 0 0 0 0 
0 0 0 0 0 0 0 0 0 0 0 1 1 1 1 1 1 1 0 0 0 0 0 0 0 0 0 0 0 0 0 0 0 0 0 0 1 1 1 1 1 1 1 0 0 0 0 0 0 
0 0 0 0 0 0 0 0 0 0 0 1 1 1 1 0 1 0 0 0 0 0 0 0 0 0 0 0 0 0 0 0 0 0 0 1 1 1 1 1 1 0 0 0 0 0 0 0 0 
48 47 48 47 46 47 48 46 47 47 58 49 49 49 50 49 49 49 49 50 49 48 48 48 46 47 47 47 46 54 54 48 49 49 48 48 48 50 48 49 49 50 48 49 50 48 46 46 0 
233 233 232 276 232 233 233 233 232 232 231 231 231 231 231 244 235 233 234 234 233 234 233 232 233 233 231 231 230 235 233 233 233 233 233 231 231 232 232 231 231 243 234 235 233 234 234 234 234 
328 327 327 322 329 329 328 329 328 328 328 326 328 327 329 329 329 328 329 329 327 328 328 327 330 329 330 329 328 329 328 328 328 328 328 315 329 330 329 329 328 329 328 328 327 331 329 328 329 
411 411 410 410 410 409 409 414 411 412 411 410 411 409 410 409 408 418 410 411 411 409 410 409 410 409 409 407 411 411 411 409 411 410 410 422 413 412 411 409 411 410 410 410 408 373 411 411 411 
493 493 492 491 491 492 491 498 492 493 492 492 491 491 491 491 495 494 492 491 493 492 491 489 487 494 493 492 491 490 491 491 537 493 491 492 492 491 490 490 491 492 493 490 491 492 492 491 489 
551 551 550 550 550 549 549 571 551 550 551 550 551 551 551 537 553 551 551 551 551 551 550 549 553 553 551 551 551 551 550 549 557 551 550 551 551 551 551 551 559 551 551 551 551 551 551 550 603 
615 616 616 616 613 617 617 617 617 616 591 617 617 617 617 616 616 615 620 617 617 616 616 615 615 567 618 617 616 616 616 616 617 632 618 617 617 617 616 647 615 615 616 615 615 615 603 620 617 
650 649 723 652 652 651 650 649 649 649 661 651 650 649 648 648 648 665 650 649 649 649 649 651 649 649 649 649 648 647 682 650 649 648 648 649 649 648 650 649 649 649 648 647 685 652 650 649 650 
681 682 757 686 683 683 683 681 682 666 682 682 683 682 682 683 735 685 685 684 682 683 683 674 683 685 684 684 683 659 684 682 683 683 681 680 683 683 683 683 684 683 682 678 684 684 684 683 682 
713 712 712 711 714 711 712 710 711 703 714 713 711 712 712 710 722 713 712 712 711 711 711 710 713 713 711 710 711 659 711 712 711 710 711 710 716 714 711 713 712 649 714 712 713 713 711 711 707 
738 739 738 737 738 735 727 738 736 737 736 735 723 739 737 736 737 736 735 737 738 739 738 736 738 737 750 738 738 738 736 736 756 738 737 735 736 735 734 773 738 737 736 737 736 724 736 737 738 
764 768 766 766 766 766 763 783 765 767 766 765 766 765 763 766 767 766 766 765 739 767 766 765 765 759 764 766 763 765 763 827 764 767 766 766 766 765 762 767 767 766 767 765 690 767 767 766 765 
781 788 785 785 783 784 782 721 785 785 783 783 782 786 788 784 782 782 780 781 777 783 782 783 783 783 784 785 784 783 783 816 785 783 784 782 783 802 783 783 782 781 781 839 782 783 781 782 782 
795 791 798 798 797 796 796 797 798 798 796 797 795 776 797 797 795 795 794 804 801 799 797 798 810 799 798 798 797 797 818 799 799 797 797 796 789 797 798 795 796 794 799 798 799 797 798 797 797 
807 809 809 810 810 809 809 802 811 810 810 809 809 811 811 810 810 810 808 819 810 809 808 807 807 811 808 808 809 808 815 810 810 809 809 808 824 812 812 810 811 809 835 810 810 809 808 808 798 
823 823 822 822 821 808 822 822 821 822 821 847 823 822 823 819 820 733 819 819 818 818 822 819 820 818 819 818 831 819 819 818 818 817 818 820 818 819 817 818 849 819 819 818 818 817 823 820 820 
832 850 833 832 832 831 831 833 833 831 834 883 837 835 836 834 833 834 834 837 834 835 834 871 835 836 833 833 832 825 835 833 833 831 832 845 833 834 833 833 834 834 835 833 834 833 840 836 834 
840 843 841 838 839 838 840 844 842 842 843 848 844 844 843 843 841 840 845 843 844 844 842 874 842 841 841 839 840 856 842 842 842 769 845 844 844 843 843 834 845 844 843 842 841 824 842 842 840 
848 846 846 846 833 847 845 846 846 846 844 848 849 847 847 847 883 847 848 846 855 850 850 848 846 847 812 848 846 847 846 845 855 849 850 849 848 848 862 850 848 849 848 848 847 849 851 846 796 
857 855 855 853 854 853 830 856 854 854 853 852 857 852 853 851 851 854 851 852 853 852 855 854 855 853 854 853 856 855 854 854 853 851 849 854 852 852 850 891 855 851 851 851 849 849 857 853 854 
857 859 857 815 859 859 858 858 858 873 860 859 859 859 858 866 858 858 856 856 855 874 858 855 856 855 855 860 856 857 855 856 856 858 858 856 857 856 911 857 857 857 855 856 877 858 859 857 858 
867 865 865 865 862 843 864 862 861 845 865 864 866 864 865 796 865 867 865 865 865 861 867 866 867 867 865 898 866 864 864 862 862 862 865 865 864 868 867 867 865 866 864 879 867 867 867 864 866 
868 866 879 868 869 869 868 869 869 870 869 868 860 870 870 870 868 869 865 867 867 867 865 865 870 867 867 865 867 864 867 869 869 867 869 814 870 869 867 852 872 869 867 866 865 819 866 866 866 
867 869 867 870 871 872 871 859 873 872 873 872 872 885 876 874 875 873 873 907 875 872 871 858 871 871 869 869 868 906 872 872 870 871 871 885 872 872 871 871 949 875 872 872 871 868 891 870 870 
876 874 875 873 873 875 874 873 874 872 872 874 873 873 872 873 875 876 874 875 874 885 876 875 875 874 876 880 875 876 874 874 790 874 874 874 872 873 880 876 876 875 875 874 871 877 875 875 883 
877 876 876 876 895 877 876 875 874 873 896 875 873 873 873 872 885 875 876 875 875 919 880 876 876 876 874 890 877 879 878 877 877 882 876 876 875 873 874 874 876 876 875 876 864 883 878 876 877 
880 881 879 879 879 880 880 878 879 868 889 880 878 879 877 882 880 881 880 863 879 881 880 880 878 887 883 879 881 878 878 886 879 879 877 878 877 883 878 878 876 877 947 876 876 876 876 874 878 
878 878 876 882 879 877 878 877 874 882 881 879 880 885 879 880 877 878 845 883 880 881 878 879 791 879 880 879 879 880 871 883 883 882 881 882 893 883 883 881 882 880 882 881 881 864 881 881 880 
864 885 883 883 883 880 888 884 883 880 880 880 881 883 880 899 887 887 882 883 882 899 887 885 884 885 884 900 886 885 883 884 884 884 883 883 882 880 927 884 881 881 881 882 884 883 881 882 867 
895 885 884 885 884 882 918 886 884 884 882 880 885 881 881 879 884 887 884 882 882 866 890 884 884 882 883 808 885 883 884 883 882 886 882 880 880 880 878 884 881 880 880 860 884 884 884 882 872 
883 881 884 919 886 885 883 884 884 903 886 886 884 884 884 907 884 885 883 881 882 884 883 883 881 881 919 889 884 882 881 889 884 883 884 882 875 885 883 884 882 883 878 885 884 883 882 882 893 
886 874 888 885 885 915 887 885 886 883 884 895 887 888 885 886 886 910 887 887 886 885 889 887 887 887 884 884 804 884 884 884 868 885 885 885 884 885 884 886 886 885 884 885 903 887 886 884 885 
887 887 885 896 889 888 887 887 885 892 887 885 884 918 886 884 885 884 883 889 887 888 887 886 895 889 889 886 887 887 878 891 888 888 887 884 891 886 886 884 883 884 887 887 885 884 889 887 887 
887 885 886 886 879 888 888 886 886 886 899 888 885 883 883 887 886 885 885 884 890 883 885 886 886 884 890 889 889 887 888 890 889 889 887 887 887 899 891 887 887 885 888 885 885 885 883 891 892 
887 888 884 891 887 884 885 885 884 909 885 885 887 884 886 889 889 889 888 888 919 888 888 888 886 887 901 887 888 886 809 888 885 885 885 884 881 889 888 889 887 880 892 888 889 888 888 901 889 
888 893 887 888 885 886 951 888 887 884 885 886 906 889 887 888 887 886 903 888 888 888 886 893 888 889 888 885 885 820 888 885 885 885 883 889 887 886 887 885 885 885 886 886 884 885 880 889 887 
886 903 887 886 886 880 889 888 886 889 888 886 890 890 888 889 886 892 891 891 889 890 896 891 889 888 887 887 876 891 889 888 888 935 891 890 890 891 892 892 890 891 889 847 891 891 891 888 888 
886 887 885 893 887 880 890 889 889 888 888 918 889 889 889 887 891 891 889 887 885 898 887 886 886 884 883 889 890 889 890 888 876 890 890 890 888 889 877 891 891 891 889 967 888 888 888 886 896 
890 883 890 888 888 887 886 893 887 888 887 889 959 891 891 891 889 890 908 891 890 890 863 891 891 888 887 887 884 888 887 887 885 885 874 889 889 890 888 880 892 891 891 890 889 881 891 892 891 
888 889 887 889 887 905 892 890 891 891 893 890 892 890 892 889 820 891 891 892 887 887 880 888 888 888 886 887 882 890 889 888 889 888 889 889 889 965 892 889 890 889 888 910 890 889 889 886 887 
889 888 882 892 892 892 890 891 893 893 891 891 891 898 892 891 890 890 888 892 889 889 889 889 890 902 893 894 892 892 959 893 894 892 893 891 915 893 892 890 889 887 896 889 889 888 886 890 891 
890 891 888 891 919 893 892 891 892 891 900 893 891 892 891 879 893 891 892 889 888 901 889 889 889 887 888 889 891 891 889 894 890 891 890 889 971 893 892 890 890 890 888 890 889 887 887 887 924 
883 891 892 891 891 891 886 892 892 890 891 894 890 894 892 892 890 890 890 889 889 887 891 891 892 891 891 872 893 893 892 892 890 907 895 893 893 893 911 896 891 892 890 889 911 890 889 889 933 
899 893 893 892 892 816 892 893 892 892 891 896 895 892 890 890 888 891 889 889 889 899 894 894 892 893 959 895 894 891 893 891 919 893 892 891 892 889 864 891 888 889 889 886 891 890 889 890 898 
890 888 891 891 889 889 889 887 811 891 892 890 890 890 883 891 892 891 890 891 893 891 889 889 876 889 889 887 887 959 888 889 887 889 889 893 893 892 891 891 890 924 892 890 891 891 893 892 892 
890 890 890 921 890 889 887 888 890 892 889 888 887 889 818 890 891 889 889 889 888 892 892 890 889 890 892 891 890 888 881 892 890 891 890 888 873 891 890 890 888 888 890 891 891 890 889 955 893 
889 889 888 831 892 891 891 889 890 886 891 892 890 891 888 891 892 892 889 890 895 890 889 889 887 888 891 887 891 889 888 883 891 889 891 889 895 892 892 890 890 890 903 892 892 890 889 889 900 
893 891 889 889 887 888 891 889 890 888 903 893 891 891 891 890 886 895 893 892 893 891 895 893 892 889 894 892 890 891 890 888 886 892 890 892 891 886 893 893 892 890 891 903 892 892 892 890 890 
889 889 880 891 890 891 889 888 889 889 889 887 892 890 888 899 891 889 902 893 891 892 891 888 892 893 892 891 891 900 892 891 889 888 888 886 889 889 888 926 891 892 891 890 895 889 892 892 890 
891 890 882 892 892 890 891 967 891 890 889 888 888 877 889 889 889 887 887 909 889 888 886 878 891 888 889 889 887 872 890 888 888 888 892 889 891 891 888 889 874 890 891 892 891 890 909 894 892 
889 888 912 892 890 888 889 887 920 890 888 900 890 889 892 892 890 891 891 859 892 892 890 891 890 882 894 891 890 890 888 891 891 889 889 888 891 896 894 892 893 892 888 893 894 892 892 892 899 
889 893 892 891 891 895 892 892 890 888 888 902 890 889 888 802 893 892 892 890 892 882 893 894 894 892 893 902 893 894 892 892 896 894 892 891 890 890 906 893 890 893 904 895 894 895 894 893 927 
887 890 927 891 892 891 891 891 902 894 894 892 894 891 872 895 893 891 890 876 888 892 891 889 888 891 893 891 891 900 894 894 894 892 893 892 895 892 893 893 891 898 894 891 892 890 927 892 892 
888 874 893 890 889 889 887 873 892 891 891 891 890 912 893 891 891 891 973 893 893 891 887 889 890 891 890 889 910 892 896 892 892 890 887 895 892 893 892 892 909 893 892 892 892 892 891 893 891 
896 896 893 894 886 895 895 895 891 890 889 892 890 891 889 951 892 891 891 892 899 892 892 892 891 915 893 892 892 891 891 881 892 889 890 888 888 905 890 888 889 889 880 893 892 891 891 890 873 
893 890 891 889 889 878 892 891 893 891 892 893 894 892 893 891 880 897 894 893 894 891 882 895 891 891 891 888 893 892 889 890 889 971 895 893 891 891 891 914 893 893 891 892 891 862 893 892 892 
894 894 891 892 896 895 895 894 894 893 902 894 894 891 891 889 888 892 891 889 890 909 892 891 892 891 895 893 892 892 891 815 893 893 891 892 890 894 891 890 889 889 880 890 890 889 887 890 895 
891 892 888 893 894 893 889 889 910 891 889 888 903 889 890 891 890 889 925 892 890 891 891 895 896 893 891 891 891 817 891 890 888 888 888 879 892 889 890 889 892 892 890 891 891 897 894 892 893 
893 893 891 892 895 898 894 894 891 891 808 891 891 891 889 889 888 893 892 893 880 893 895 893 893 892 897 894 894 892 893 970 895 892 889 890 889 881 890 890 888 889 890 869 891 891 891 891 893 
893 891 892 880 894 891 890 888 888 899 890 891 890 889 893 919 893 891 892 892 891 893 894 893 892 904 894 894 891 890 894 891 892 890 890 890 880 892 892 891 892 890 901 895 893 893 892 939 895 
907 893 894 893 893 892 913 894 893 893 891 891 902 894 894 893 891 857 893 891 891 891 889 882 894 893 892 888 894 893 892 893 891 887 894 892 893 891 965 895 891 891 890 888 899 890 891 890 889 
891 890 888 901 891 889 890 888 888 900 892 892 892 890 900 896 893 893 893 891 865 894 894 891 892 891 892 891 890 890 919 891 890 890 891 889 891 894 893 892 893 844 893 893 893 891 891 898 893 
891 891 902 892 893 891 892 860 891 893 892 892 892 881 891 890 888 889 888 909 889 891 891 899 891 893 891 891 891 892 894 893 892 892 915 893 894 889 890 890 896 892 892 889 890 889 879 892 892 
896 894 892 893 892 892 897 894 890 891 890 919 891 889 889 889 888 884 892 891 892 889 893 891 892 891 890 894 892 892 891 890 888 888 890 889 888 889 900 891 890 891 891 890 918 893 892 892 890 
894 894 893 877 894 894 892 891 889 807 891 891 890 888 889 896 891 892 892 890 877 897 893 892 891 887 893 892 891 892 907 891 891 889 890 888 890 891 889 890 890 889 905 890 892 891 889 876 894 
891 890 889 891 888 894 894 893 893 893 881 894 893 893 892 895 892 895 894 893 890 803 893 892 891 890 888 894 894 892 893 892 888 891 894 893 892 892 899 893 893 892 892 891 919 891 890 891 888 
890 904 895 891 891 891 888 923 892 892 890 891 891 893 893 893 890 891 842 893 893 892 891 894 892 890 890 889 880 889 890 889 888 890 883 892 891 891 891 963 895 892 892 891 890 899 891 892 892 
891 893 893 891 892 899 893 894 891 892 875 894 893 893 892 892 911 889 891 889 927 891 891 890 890 891 888 892 892 891 891 891 901 893 891 892 891 880 893 893 889 890 889 869 890 890 889 911 889 
888 895 894 892 893 892 896 894 894 892 893 900 894 893 892 899 897 892 891 892 891 904 893 893 893 891 892 926 894 892 893 891 895 894 893 890 891 889 807 891 890 890 888 889 889 890 889 888 877 
891 878 893 892 892 890 891 887 891 892 892 915 893 895 893 893 893 925 894 894 893 892 895 893 893 892 890 890 826 892 891 890 890 888 888 891 889 890 862 890 890 889 889 887 888 891 889 889 889 
893 893 891 892 890 858 892 892 890 892 890 882 894 892 890 890 888 893 891 891 889 889 898 894 894 892 892 892 890 894 892 892 892 890 891 895 894 894 892 935 893 892 891 891 889 911 892 892 892 
888 814 893 891 893 891 891 880 892 894 891 892 891 894 893 892 890 887 892 891 890 890 959 891 891 893 891 889 907 894 892 893 892 892 868 894 892 892 892 862 899 894 891 892 890 891 891 890 890 
892 894 891 889 890 806 891 890 890 888 888 892 893 892 892 890 890 892 893 891 892 891 908 892 894 892 893 890 918 892 891 888 885 893 892 892 891 892 881 893 893 893 892 900 894 895 893 894 893 
884 892 892 892 890 891 886 891 892 892 891 967 889 889 890 889 896 890 890 890 890 863 893 892 892 892 890 886 895 892 893 892 892 884 894 893 890 890 903 893 892 890 890 890 893 892 891 888 904 
890 905 889 891 889 891 891 912 892 893 891 891 891 886 892 893 891 891 869 893 891 890 890 888 889 890 889 887 864 892 891 890 891 889 907 893 893 892 891 900 896 892 892 892 890 890 894 891 892 
887 897 895 895 894 895 895 893 891 891 899 891 892 891 890 923 896 892 892 892 890 900 894 892 893 892 891 895 893 893 891 892 895 886 890 890 887 890 891 889 891 889 880 892 892 892 891 891 882 
889 907 889 890 889 888 890 889 893 893 892 892 927 893 892 893 892 890 891 894 893 894 892 890 890 890 890 888 894 892 892 893 892 880 900 893 894 893 891 911 895 893 893 891 892 924 891 892 890 
892 817 894 893 890 892 890 892 891 890 890 882 895 892 893 891 891 893 895 894 894 892 963 895 894 892 893 893 884 894 893 891 892 891 892 890 892 892 898 894 894 893 893 892 890 894 894 892 893 
890 911 893 892 893 891 891 927 894 892 892 891 894 891 891 889 888 894 889 890 888 889 898 892 893 893 891 891 882 893 893 893 890 892 892 894 894 892 893 959 894 891 890 891 894 891 893 896 893 
892 810 892 890 891 889 889 889 889 891 891 891 888 895 893 892 891 891 895 893 891 892 943 891 893 889 890 889 899 890 890 889 889 888 885 892 892 890 891 872 895 894 892 892 892 878 893 893 892 
894 890 890 890 877 891 890 889 890 888 897 892 892 892 890 963 891 891 892 891 891 918 892 893 892 891 891 874 891 889 889 889 858 889 891 889 892 891 815 894 892 892 892 891 887 894 894 894 892 
874 891 892 890 890 890 876 892 892 891 918 894 893 893 891 892 899 894 895 892 893 870 894 894 892 892 891 883 894 892 892 891 890 898 895 894 893 892 906 894 894 892 959 894 893 894 893 892 895 
890 893 892 892 892 890 863 894 891 893 890 892 887 893 892 890 890 888 891 888 889 888 899 893 892 892 892 883 890 892 893 892 891 904 894 894 894 892 892 923 891 891 890 889 893 895 891 892 892 
891 891 890 890 888 939 889 891 892 892 891 891 893 892 893 891 891 897 894 892 891 888 891 890 889 889 886 895 890 888 891 889 909 892 891 892 892 890 917 891 892 891 890 891 898 892 892 890 890 
891 890 892 902 896 894 894 892 896 895 894 894 864 897 895 895 892 892 851 892 891 892 889 889 911 891 893 891 891 877 890 893 892 892 897 893 892 893 891 846 891 891 891 888 889 896 890 890 888 
898 896 895 894 894 824 895 895 894 894 894 883 897 896 892 892 891 899 892 892 890 890 899 892 893 893 892 893 904 893 893 893 892 892 899 894 893 891 892 911 892 891 890 890 888 883 892 889 890 
895 895 894 892 892 894 892 891 891 889 894 893 892 894 893 971 897 894 895 895 896 895 894 895 893 825 895 891 892 891 889 888 892 890 891 889 888 901 893 892 892 892 901 894 894 893 893 892 919 
893 892 893 892 894 894 893 892 892 898 895 895 893 892 925 892 892 891 889 891 887 895 893 893 825 894 895 894 894 893 886 898 896 896 896 894 900 894 893 892 890 914 891 892 891 890 892 909 894 
914 895 895 894 892 860 902 893 893 891 891 806 892 891 891 890 890 895 896 894 894 898 896 895 894 894 893 903 895 895 894 892 933 892 892 891 890 890 878 891 891 890 892 891 903 894 892 891 910 
888 889 896 891 892 892 891 892 891 892 893 893 892 892 878 893 893 891 892 935 889 889 890 891 895 891 891 890 891 815 894 893 894 893 892 896 895 895 895 893 884 898 894 895 892 890 911 893 893 
891 892 892 892 903 894 892 892 893 882 892 892 893 891 903 891 891 890 888 912 892 890 890 889 892 912 893 893 891 893 891 897 895 894 894 893 879 896 893 894 878 892 892 892 891 890 869 893 896 
894 894 894 890 892 895 892 891 891 890 890 893 892 893 891 892 901 892 893 892 897 893 893 893 891 892 871 891 891 890 889 889 888 891 889 890 889 865 890 891 890 888 889 897 891 889 888 889 889 
818 894 893 893 892 893 884 893 890 891 890 888 899 890 891 889 888 912 890 891 890 939 889 889 890 889 888 905 890 890 888 889 889 903 890 889 887 888 868 892 890 891 891 891 885 892 893 892 891 
894 892 893 896 894 896 895 893 894 888 895 894 892 892 890 899 892 892 892 925 895 893 894 893 895 896 895 894 894 891 829 894 894 894 892 893 881 891 892 890 890 890 895 891 891 889 889 891 890 
890 891 889 889 883 889 890 890 887 888 895 894 893 891 892 892 893 893 893 892 892 889 895 894 893 892 927 891 892 890 894 898 892 894 893 893 816 895 894 894 892 893 894 896 895 894 894 896 896 
890 918 891 890 891 889 894 893 893 894 893 893 814 895 895 893 894 892 896 896 894 895 893 884 894 892 893 890 891 904 894 894 892 892 892 918 893 891 892 891 891 891 892 892 890 891 839 891 892 
894 907 894 895 892 893 882 896 896 896 893 893 892 893 893 891 892 891 884 893 892 893 927 894 893 894 892 895 896 894 894 892 892 819 892 892 891 890 890 885 892 890 889 890 884 898 891 889 890 
892 871 893 891 891 890 885 893 892 892 893 892 886 894 894 892 892 892 876 896 895 893 894 877 892 894 893 891 894 893 893 893 892 835 895 894 895 893 893 888 894 894 893 893 893 903 893 894 893 
893 892 892 891 913 893 893 893 890 892 888 893 893 892 892 874 893 890 890 890 888 882 890 890 889 890 891 891 892 891 891 905 893 893 892 891 947 893 893 891 889 889 901 891 892 890 890 890 887 
891 891 891 899 895 894 893 891 892 812 894 894 891 893 891 894 895 892 892 891 880 893 891 889 890 889 894 895 893 893 939 895 894 893 893 892 903 895 895 895 893 892 888 892 892 891 891 874 895 
894 895 894 893 907 894 894 892 891 891 873 893 891 891 890 871 891 893 893 893 891 888 893 894 893 892 892 898 894 893 892 892 947 892 891 890 890 888 858 891 890 892 890 892 880 893 893 891 892 
891 892 889 892 894 892 898 894 892 893 892 891 878 890 891 890 889 935 893 890 889 890 891 911 894 894 893 893 891 892 894 893 892 893 895 895 892 892 888 901 892 890 891 891 911 894 894 895 894 
884 894 893 892 892 951 894 894 893 892 892 903 894 892 889 890 888 870 891 890 889 889 892 892 891 891 888 891 893 891 892 891 908 894 893 894 893 891 920 892 892 889 890 890 889 893 891 894 892 
892 891 890 894 951 895 892 893 893 892 885 895 893 893 892 893 893 893 890 890 883 891 891 889 890 880 891 896 890 891 891 911 893 892 892 892 890 926 893 891 892 890 895 895 892 891 889 907 892 
894 893 891 892 890 907 901 893 893 893 892 897 895 896 895 893 891 897 894 895 894 894 888 895 894 891 883 894 892 892 896 892 902 895 895 895 893 939 896 895 895 894 892 911 894 895 894 891 891 
894 893 893 917 892 892 890 889 891 888 892 893 896 893 840 895 893 894 872 896 896 895 895 895 883 897 895 893 892 891 909 893 893 893 890 975 893 895 894 894 894 915 896 895 894 895 894 895 894 
890 890 910 892 889 890 889 889 892 891 893 891 891 907 894 892 892 892 890 899 893 892 892 892 888 879 890 889 888 911 891 891 890 890 971 892 891 890 889 890 903 893 892 890 891 889 876 892 890 
896 890 891 889 890 880 892 893 891 892 891 876 893 893 892 891 894 892 893 887 888 891 891 889 890 889 906 890 889 890 888 888 919 889 889 890 887 888 890 891 891 889 889 836 889 890 888 888 894 
892 895 896 892 890 890 890 805 892 890 890 888 889 878 890 890 889 888 888 888 889 889 887 895 893 891 891 890 951 889 891 889 890 889 881 892 894 893 894 892 918 895 893 893 893 856 897 895 895 
932 891 889 891 895 890 893 891 892 892 912 893 893 892 892 870 896 893 893 892 891 885 892 891 891 889 889 910 890 891 888 909 892 890 889 889 887 887 890 888 889 888 867 891 889 889 889 887 880 
895 894 893 890 804 893 891 891 890 889 891 894 893 894 892 892 898 894 893 893 891 907 897 894 895 894 893 904 893 891 892 890 890 897 891 891 891 891 911 895 892 893 892 892 887 893 894 892 892 
907 894 892 892 892 891 892 894 892 891 890 889 889 891 889 889 889 902 889 892 891 882 893 891 892 891 890 898 893 892 892 890 880 888 890 890 888 889 909 892 891 889 890 889 921 891 890 890 890 
893 891 891 890 903 893 893 894 894 892 876 896 893 894 893 896 894 893 894 893 893 892 892 891 890 904 892 891 891 889 890 909 893 892 892 890 891 890 892 893 891 891 895 893 894 891 891 892 891 
893 894 891 880 895 892 893 892 890 885 891 890 892 915 895 896 894 895 895 925 895 895 894 894 895 895 895 895 891 892 841 892 892 892 889 890 895 890 892 892 888 893 893 892 891 892 888 893 893 
895 893 894 892 832 894 894 891 891 890 881 893 893 891 891 891 903 894 894 892 893 896 895 894 894 893 893 905 893 893 893 903 892 892 889 891 888 894 891 890 890 891 880 891 893 891 892 891 884 
891 891 892 889 894 894 892 893 892 888 896 894 894 894 876 896 893 894 891 891 910 893 893 893 890 891 929 894 894 894 891 895 897 894 894 892 893 829 894 894 893 893 892 883 892 891 891 888 890 
894 892 951 894 891 891 890 889 905 891 892 891 890 892 925 892 893 893 892 895 895 894 895 894 895 895 895 893 892 880 893 893 891 892 890 886 894 893 892 893 892 894 896 894 895 893 943 896 894 
894 893 891 895 896 894 895 895 845 892 893 892 890 891 895 893 893 892 876 895 895 893 894 892 877 896 893 894 892 967 898 894 893 890 891 884 891 891 890 889 890 877 892 893 892 890 893 894 891 
889 882 894 894 893 893 894 894 894 893 892 906 895 895 894 892 891 880 891 891 890 888 878 892 891 894 892 893 888 894 895 892 893 893 902 895 893 894 928 894 892 892 889 893 894 892 893 892 891 